node_1,node_2,start_of_interaction,end_of_interaction,duration
1,2,617,629,12
1,2,1232,1253,21
1,2,2505,2511,6
1,2,2546,2551,5
1,2,2563,2594,31
1,2,4243,4255,12
1,2,4266,4267,1
1,2,4409,4422,13
1,2,4623,4624,1
1,2,4629,4707,78
1,2,4938,4983,45
1,2,4988,5036,48
1,2,6284,6421,137
1,2,6424,6427,3
1,2,6429,6443,14
1,2,6600,6602,2
1,2,6660,6665,5
1,2,6671,6678,7
1,2,6729,6736,7
1,2,6738,6747,9
1,2,6767,6780,13
1,2,12330,12332,2
1,2,12336,12451,115
1,2,12464,12465,1
1,2,12467,12502,35
1,2,14343,14380,37
1,2,14382,14385,3
1,2,14403,14429,26
1,2,14434,14527,93
1,2,18439,18450,11
1,2,18459,18463,4
1,2,18465,18466,1
1,2,18888,18970,82
1,2,18977,18980,3
1,2,18985,19027,42
1,2,19032,19033,1
1,2,19051,19052,1
1,2,19054,19055,1
1,2,19067,19069,2
1,2,19076,19078,2
1,2,19082,19083,1
1,2,19085,19118,33
1,2,20814,20827,13
1,2,20833,20868,35
1,2,20870,20889,19
1,2,20906,20912,6
1,2,20963,21025,62
1,2,21030,21039,9
1,2,21041,21140,99
1,2,21169,21182,13
1,2,21189,21192,3
1,2,21212,21218,6
1,2,21223,21242,19
1,2,21245,21263,18
1,2,21287,21296,9
1,2,21368,21370,2
1,2,21372,21373,1
1,2,21384,21389,5
1,2,21391,21422,31
1,2,21424,21471,47
1,2,21826,21832,6
1,2,21838,21864,26
1,2,25790,25875,85
1,2,25883,25884,1
1,2,27053,27062,9
1,2,27065,27164,99
1,2,27167,27232,65
1,2,27238,27264,26
1,2,27266,27268,2
1,2,27271,27344,73
1,2,27346,27426,80
1,2,27428,27434,6
1,3,365,371,6
1,3,376,379,3
1,3,381,387,6
1,3,389,390,1
1,3,430,468,38
1,3,480,483,3
1,3,535,543,8
1,3,570,577,7
1,3,592,594,2
1,3,1074,1080,6
1,3,1203,1204,1
1,3,1206,1209,3
1,3,1216,1224,8
1,3,1262,1365,103
1,3,1377,1378,1
1,3,1816,1924,108
1,3,1929,1931,2
1,3,1947,1952,5
1,3,5121,5153,32
1,3,5165,5191,26
1,3,5229,5249,20
1,3,5257,5259,2
1,3,5261,5263,2
1,3,5293,5331,38
1,3,10063,10072,9
1,3,10076,10119,43
1,3,10148,10198,50
1,3,13112,13134,22
1,3,13543,13551,8
1,3,13689,13691,2
1,3,13693,13731,38
1,3,13736,13766,30
1,3,13769,13788,19
1,3,13792,13848,56
1,3,15106,15107,1
1,3,15160,15163,3
1,3,15199,15253,54
1,3,15336,15344,8
1,3,15369,15370,1
1,3,15487,15495,8
1,3,15506,15516,10
1,3,15525,15561,36
1,3,15654,15657,3
1,3,15900,15937,37
1,3,15993,16134,141
1,3,16263,16265,2
1,3,17051,17054,3
1,3,17057,17062,5
1,3,17130,17135,5
1,3,17137,17141,4
1,3,17147,17151,4
1,3,17153,17164,11
1,3,17179,17199,20
1,3,18084,18087,3
1,3,18094,18100,6
1,3,18192,18193,1
1,3,19910,20029,119
1,3,20044,20085,41
1,3,20103,20114,11
1,3,20154,20314,160
1,3,20335,20346,11
1,3,20375,20379,4
1,3,20574,20580,6
1,3,20585,20588,3
1,3,20590,20592,2
1,3,20601,20657,56
1,3,20666,20670,4
1,3,20676,20828,152
1,3,20833,20834,1
1,3,20836,20844,8
1,3,20871,20879,8
1,3,21043,21092,49
1,3,21094,21114,20
1,3,21543,21676,133
1,3,21679,21689,10
1,3,21730,21733,3
1,3,21738,21742,4
1,3,21747,21761,14
1,3,21768,21796,28
1,3,22905,22910,5
1,3,22913,22922,9
1,3,22924,22967,43
1,3,23129,23132,3
1,3,23141,23144,3
1,3,25877,25905,28
1,3,25907,26003,96
1,3,26012,26014,2
1,3,26016,26020,4
1,3,26035,26036,1
1,3,26038,26040,2
1,3,26042,26097,55
1,3,26710,26711,1
1,3,26724,26725,1
1,3,26739,26741,2
1,3,26766,26822,56
1,3,26840,26845,5
1,4,1362,1372,10
1,4,1393,1395,2
1,4,2023,2031,8
1,4,2051,2052,1
1,4,2058,2069,11
1,4,2328,2329,1
1,4,2334,2335,1
1,4,2693,2695,2
1,4,2698,2699,1
1,4,3543,3548,5
1,4,3551,3553,2
1,4,3566,3580,14
1,4,3585,3615,30
1,4,3618,3620,2
1,4,3722,3725,3
1,4,3727,3730,3
1,4,3732,3734,2
1,4,3743,3744,1
1,4,3747,3748,1
1,4,3761,3784,23
1,4,3824,3836,12
1,4,3850,3864,14
1,4,3866,3867,1
1,4,3874,3917,43
1,4,3920,3928,8
1,4,3930,3931,1
1,4,3941,3945,4
1,4,3948,3949,1
1,4,3966,3972,6
1,4,4865,4966,101
1,4,4969,4972,3
1,4,4974,5055,81
1,4,5057,5066,9
1,4,5144,5145,1
1,4,8225,8227,2
1,4,8230,8265,35
1,4,8285,8294,9
1,4,8299,8311,12
1,4,8328,8363,35
1,4,8388,8441,53
1,4,12851,12860,9
1,4,12865,12873,8
1,4,12886,12964,78
1,4,12966,13013,47
1,4,14591,14601,10
1,4,14608,14613,5
1,4,14640,14646,6
1,4,16944,16972,28
1,4,16995,16998,3
1,4,17651,17654,3
1,4,17660,17661,1
1,4,17663,17665,2
1,4,25457,25463,6
1,4,25469,25504,35
1,4,25512,25513,1
1,4,25533,25551,18
1,4,25746,25748,2
1,4,26691,26701,10
1,4,26703,26726,23
1,4,26733,26735,2
1,4,26739,26825,86
1,4,26857,26884,27
1,4,26892,26897,5
1,4,26900,26902,2
1,4,26908,26974,66
1,4,26976,26982,6
1,4,26986,26989,3
1,4,27025,27031,6
1,5,4793,4825,32
1,5,4939,4940,1
1,5,4943,4948,5
1,5,7409,7423,14
1,5,7433,7434,1
1,5,7472,7490,18
1,5,7494,7535,41
1,5,7540,7541,1
1,5,7543,7545,2
1,5,7568,7569,1
1,5,7609,7611,2
1,5,7613,7621,8
1,5,7708,7712,4
1,5,7718,7719,1
1,5,7975,7982,7
1,5,7984,7991,7
1,5,7993,8010,17
1,5,8163,8167,4
1,5,10181,10184,3
1,5,10214,10215,1
1,5,10217,10259,42
1,5,12006,12007,1
1,5,12022,12040,18
1,5,12703,12704,1
1,5,12713,12715,2
1,5,12724,12726,2
1,5,12730,12734,4
1,5,12749,12750,1
1,5,12753,12760,7
1,5,12764,12765,1
1,5,12770,12819,49
1,5,25873,25876,3
1,5,25909,25910,1
1,5,25957,25958,1
1,5,25960,25963,3
1,5,25971,25973,2
1,5,25994,25997,3
1,5,26008,26009,1
1,5,26013,26032,19
1,5,26083,26093,10
1,5,26102,26106,4
1,5,26108,26109,1
1,5,26127,26149,22
1,5,26154,26159,5
1,5,26162,26194,32
1,5,26248,26252,4
1,5,26278,26288,10
1,5,26345,26346,1
1,5,26349,26351,2
1,5,26887,26890,3
1,5,26896,26899,3
1,5,26903,26905,2
1,5,26913,26916,3
1,5,26970,27025,55
1,5,27271,27274,3
1,5,27276,27281,5
1,5,27287,27423,136
1,5,27432,27434,2
1,5,27470,27479,9
1,5,27491,27503,12
1,5,27507,27508,1
1,5,27515,27532,17
1,5,27539,27544,5
1,5,27594,27596,2
1,5,27615,27623,8
1,5,27625,27668,43
1,5,27683,27698,15
1,5,27764,27768,4
1,5,27770,27774,4
1,5,27776,27818,42
1,5,27820,27830,10
1,5,27875,27892,17
1,5,28224,28225,1
1,5,28228,28235,7
1,5,28429,28434,5
1,5,28437,28441,4
1,6,1007,1010,3
1,6,2731,2739,8
1,6,2775,2900,125
1,6,2906,2916,10
1,6,2918,2929,11
1,6,2959,2992,33
1,6,3013,3023,10
1,6,3035,3040,5
1,6,3134,3140,6
1,6,3162,3243,81
1,6,3801,3806,5
1,6,3808,3814,6
1,6,3832,3833,1
1,6,3852,3884,32
1,6,4304,4311,7
1,6,4313,4314,1
1,6,4321,4323,2
1,6,4325,4341,16
1,6,4343,4346,3
1,6,4506,4516,10
1,6,4602,4603,1
1,6,4606,4619,13
1,6,4653,4654,1
1,6,4688,4757,69
1,6,4769,4825,56
1,6,5094,5099,5
1,6,5102,5103,1
1,6,5105,5177,72
1,6,5313,5314,1
1,6,5320,5321,1
1,6,5323,5381,58
1,6,5391,5464,73
1,6,8120,8126,6
1,6,8132,8135,3
1,6,8170,8184,14
1,6,8311,8320,9
1,6,8353,8383,30
1,6,8425,8426,1
1,6,8428,8429,1
1,6,8440,8466,26
1,6,8703,8705,2
1,6,8799,8841,42
1,6,8848,8862,14
1,6,8867,8868,1
1,6,8871,8893,22
1,6,8913,8914,1
1,6,8923,8926,3
1,6,8966,9034,68
1,6,9040,9053,13
1,6,9055,9060,5
1,6,9062,9063,1
1,6,9152,9153,1
1,6,9158,9168,10
1,6,9721,9727,6
1,6,9912,9916,4
1,6,16124,16126,2
1,6,16300,16301,1
1,6,16317,16372,55
1,6,16375,16377,2
1,6,16381,16456,75
1,6,16460,16567,107
1,6,16577,16578,1
1,6,16656,16658,2
1,6,16662,16757,95
1,6,16761,16791,30
1,6,16794,16797,3
1,6,19810,19813,3
1,6,19817,19818,1
1,6,19847,19870,23
1,6,19876,19889,13
1,6,20574,20594,20
1,6,20596,20630,34
1,6,20632,20693,61
1,6,20698,20717,19
1,6,20724,20725,1
1,6,20727,20762,35
1,6,20769,20771,2
1,6,20779,20780,1
1,6,20787,20797,10
1,6,20805,20874,69
1,6,20876,20877,1
1,6,20880,20882,2
1,6,20889,20912,23
1,6,20914,20915,1
1,6,20917,21044,127
1,6,21469,21471,2
1,6,21474,21479,5
1,6,21574,21585,11
1,6,21602,21633,31
1,6,21635,21645,10
1,6,21657,21674,17
1,6,24738,24741,3
1,6,24776,24778,2
1,6,24979,24987,8
1,6,25000,25002,2
1,6,25080,25088,8
1,7,6621,6668,47
1,7,6733,6754,21
1,7,6766,6775,9
1,7,6779,6780,1
1,7,11219,11220,1
1,7,11421,11426,5
1,7,11703,11708,5
1,7,11710,11711,1
1,7,11895,11896,1
1,7,11898,11925,27
1,7,11930,11941,11
1,7,11944,11946,2
1,7,11951,11952,1
1,7,11963,11971,8
1,7,11980,11986,6
1,7,12724,12725,1
1,7,16795,16799,4
1,7,16803,16808,5
1,7,16812,16817,5
1,7,16824,16833,9
1,7,16839,16840,1
1,7,16845,16846,1
1,7,16850,16859,9
1,7,16918,16923,5
1,7,16929,17053,124
1,7,17055,17097,42
1,7,17102,17107,5
1,7,17181,17194,13
1,7,21574,21582,8
1,7,21584,21612,28
1,7,21615,21627,12
1,7,21629,21636,7
1,7,21638,21646,8
1,7,21660,21661,1
1,7,21663,21668,5
1,7,23535,23556,21
1,7,23577,23592,15
1,7,23616,23617,1
1,7,23631,23639,8
1,7,23647,23681,34
1,7,23685,23954,269
1,7,23968,24040,72
1,7,24045,24048,3
1,7,24053,24200,147
1,7,24211,24213,2
1,7,24219,24222,3
1,7,24226,24309,83
1,7,24311,24366,55
1,7,24370,24402,32
1,7,24414,24419,5
1,7,24421,24424,3
1,7,24429,24436,7
1,7,24440,24441,1
1,7,24447,24448,1
1,8,4855,4906,51
1,8,4908,4946,38
1,8,4949,4950,1
1,8,4953,5024,71
1,8,5196,5201,5
1,8,5204,5209,5
1,8,5211,5217,6
1,8,5219,5223,4
1,8,5324,5325,1
1,8,6705,6714,9
1,8,6719,6726,7
1,8,7685,7686,1
1,8,7697,7698,1
1,8,7816,7817,1
1,8,7819,7823,4
1,8,7828,7831,3
1,8,7878,7880,2
1,8,7971,7973,2
1,8,7991,7992,1
1,8,8002,8012,10
1,8,8031,8055,24
1,8,8059,8095,36
1,8,8128,8129,1
1,8,8176,8235,59
1,8,8482,8483,1
1,8,8673,8706,33
1,8,9087,9234,147
1,8,9833,9843,10
1,8,9845,9846,1
1,8,9848,10000,152
1,8,10002,10004,2
1,8,13266,13269,3
1,8,13280,13285,5
1,8,13289,13295,6
1,8,13438,13440,2
1,8,13454,13648,194
1,8,13665,13673,8
1,8,13701,13704,3
1,8,13706,13711,5
1,8,13717,13754,37
1,8,13839,14111,272
1,8,14114,14117,3
1,8,14120,14123,3
1,8,18305,18436,131
1,8,18440,18443,3
1,8,18445,18448,3
1,8,18510,18514,4
1,8,18526,18529,3
1,8,18640,18652,12
1,8,18656,18665,9
1,9,4821,4843,22
1,9,5388,5390,2
1,9,5434,5441,7
1,9,5449,5451,2
1,9,5453,5462,9
1,9,5476,5540,64
1,9,5542,5544,2
1,9,5640,5641,1
1,9,5967,5968,1
1,9,5975,5978,3
1,9,5985,5987,2
1,9,6003,6004,1
1,9,7013,7104,91
1,9,7171,7172,1
1,9,7239,7305,66
1,9,9274,9284,10
1,9,9286,9291,5
1,9,14575,14578,3
1,9,14584,14652,68
1,9,14654,14656,2
1,9,14659,14661,2
1,9,14663,14666,3
1,9,14677,14679,2
1,9,14682,14683,1
1,9,14746,14791,45
1,9,15140,15158,18
1,9,16792,16795,3
1,9,16813,16815,2
1,9,16819,16826,7
1,9,21742,21743,1
1,9,21764,21765,1
1,9,21780,21781,1
1,9,21785,21786,1
1,9,21788,21804,16
1,9,21815,21816,1
1,9,25982,25985,3
1,9,26019,26022,3
1,9,26045,26051,6
1,9,26445,26448,3
1,9,26476,26506,30
1,9,26521,26522,1
1,10,5374,5393,19
1,10,5398,5399,1
1,10,5404,5480,76
1,10,5486,5487,1
1,10,10199,10251,52
1,10,10254,10255,1
1,10,10257,10282,25
1,10,10284,10285,1
1,10,10289,10294,5
1,10,13097,13114,17
1,10,13116,13124,8
1,10,13387,13392,5
1,10,13533,13542,9
1,10,13548,13550,2
1,10,13558,13559,1
1,10,13564,13575,11
1,10,13597,13713,116
1,10,13734,13738,4
1,10,13740,13741,1
1,10,13745,13746,1
1,10,13772,13774,2
1,10,13782,13787,5
1,10,13792,13801,9
1,10,13842,13845,3
1,10,13856,13859,3
1,10,13870,13876,6
1,10,13879,13884,5
1,10,13895,13899,4
1,10,15483,15487,4
1,10,15527,15566,39
1,10,15587,15772,185
1,10,15775,15777,2
1,10,15779,15865,86
1,10,15889,15903,14
1,10,16910,16994,84
1,10,16996,16999,3
1,10,17004,17107,103
1,10,17117,17120,3
1,10,17189,17198,9
1,10,17200,17214,14
1,10,17217,17245,28
1,10,17248,17249,1
1,10,20477,20478,1
1,10,20501,20511,10
1,10,20514,20555,41
1,10,20559,20635,76
1,10,20637,20654,17
1,10,20688,20691,3
1,10,20693,20867,174
1,10,20876,20898,22
1,10,20905,20908,3
1,10,21185,21186,1
1,10,21194,21196,2
1,10,21199,21200,1
1,10,21381,21382,1
1,10,21387,21388,1
1,10,22803,22832,29
1,10,22969,23042,73
1,10,23048,23050,2
1,10,23280,23332,52
1,10,23334,23336,2
1,10,23491,23500,9
1,10,23524,23525,1
1,10,23531,23547,16
1,10,23578,23688,110
1,10,23701,23713,12
1,10,23715,23716,1
1,10,23718,23730,12
1,10,23733,23735,2
1,10,23765,23785,20
1,10,23788,23792,4
1,10,23993,23996,3
1,10,24008,24031,23
1,10,24051,24226,175
1,10,24341,24342,1
1,10,24345,24348,3
1,10,24353,24364,11
1,10,24435,24436,1
1,10,24495,24497,2
1,10,24499,24513,14
1,10,24519,24522,3
1,10,24582,24584,2
1,10,24587,24588,1
1,10,24726,24732,6
1,10,26983,26990,7
1,10,26992,26995,3
1,10,27767,27768,1
1,10,27770,27792,22
1,10,27929,27932,3
1,10,27935,27937,2
1,10,27939,27954,15
1,10,27956,27962,6
1,11,1785,1794,9
1,11,4227,4236,9
1,11,4243,4254,11
1,11,5213,5226,13
1,11,5414,5450,36
1,11,5452,5486,34
1,11,5495,5547,52
1,11,5745,5793,48
1,11,6750,6755,5
1,11,6786,6787,1
1,11,6791,6812,21
1,11,6823,6827,4
1,11,6829,6833,4
1,11,6923,6932,9
1,11,7083,7165,82
1,11,7190,7194,4
1,11,7227,7235,8
1,11,7310,7311,1
1,11,7342,7343,1
1,11,7349,7352,3
1,11,7354,7379,25
1,11,7409,7435,26
1,11,7438,7444,6
1,11,7486,7501,15
1,11,19450,19454,4
1,11,19470,19478,8
1,11,19519,19520,1
1,11,19607,19618,11
1,11,19667,19953,286
1,11,19955,19957,2
1,11,19991,19993,2
1,11,20011,20028,17
1,11,20036,20042,6
1,11,20080,20081,1
1,11,20083,20158,75
1,11,20160,20161,1
1,11,20168,20170,2
1,11,20175,20178,3
1,11,20182,20183,1
1,11,20185,20285,100
1,11,20287,20288,1
1,11,20290,20294,4
1,11,20296,20303,7
1,11,20310,20353,43
1,11,20408,20413,5
1,11,21157,21158,1
1,11,21166,21170,4
1,11,21178,21182,4
1,11,21184,21186,2
1,11,21188,21190,2
1,11,21192,21214,22
1,11,21217,21226,9
1,11,21235,21252,17
1,11,21266,21268,2
1,11,21270,21275,5
1,11,21282,21283,1
1,11,21298,21369,71
1,11,21392,21393,1
1,11,21473,21488,15
1,11,21495,21543,48
1,11,21545,21547,2
1,11,21552,21569,17
1,11,21596,21600,4
1,11,21690,21696,6
1,11,21698,21700,2
1,11,21702,21703,1
1,11,21707,21723,16
1,11,21740,21741,1
1,11,21744,21752,8
1,11,21755,21758,3
1,11,21761,21767,6
1,11,21772,21774,2
1,11,21784,21801,17
1,11,25753,25761,8
1,11,25765,25766,1
1,11,25772,25781,9
1,11,25792,25794,2
1,11,26376,26378,2
1,11,26382,26390,8
1,11,26392,26396,4
1,11,26399,26456,57
1,11,26459,26514,55
1,11,27222,27247,25
1,11,27275,27285,10
1,12,388,391,3
1,12,7432,7522,90
1,12,9070,9078,8
1,12,9081,9088,7
1,12,9119,9125,6
1,12,9139,9141,2
1,12,9166,9171,5
1,12,9219,9230,11
1,12,9859,9860,1
1,12,9868,9886,18
1,12,9888,9902,14
1,12,9904,9911,7
1,12,9921,9969,48
1,12,9975,9979,4
1,12,9993,10010,17
1,12,14150,14158,8
1,12,14180,14293,113
1,12,14295,14301,6
1,12,14309,14314,5
1,12,14319,14323,4
1,12,14337,14351,14
1,12,14367,14457,90
1,12,14468,14537,69
1,12,14570,14593,23
1,12,14595,14614,19
1,12,17285,17286,1
1,12,17293,17336,43
1,12,17427,17431,4
1,12,17435,17463,28
1,12,17466,17742,276
1,12,17745,17766,21
1,12,17913,17917,4
1,12,17922,17974,52
1,12,17976,17980,4
1,12,17985,18006,21
1,12,18014,18016,2
1,12,18024,18030,6
1,12,18033,18035,2
1,12,18138,18139,1
1,12,18141,18150,9
1,12,18177,18255,78
1,12,20641,20643,2
1,12,20656,20667,11
1,12,20678,20680,2
1,12,20868,20869,1
1,12,21596,21600,4
1,12,21660,21833,173
1,12,24131,24275,144
1,12,24277,24282,5
1,12,24284,24292,8
1,12,24296,24367,71
1,12,24573,24576,3
1,12,24578,24629,51
1,12,24632,24647,15
1,12,24649,24651,2
1,12,24657,24659,2
1,12,24662,24663,1
1,12,24817,24819,2
1,12,24821,24903,82
2,3,250,253,3
2,3,255,303,48
2,3,319,330,11
2,3,685,778,93
2,3,879,882,3
2,3,947,950,3
2,3,1061,1062,1
2,3,1064,1067,3
2,3,1157,1161,4
2,3,8754,8755,1
2,3,8757,8811,54
2,3,8813,8815,2
2,3,8821,8855,34
2,3,8895,8896,1
2,3,8902,8962,60
2,3,8966,8995,29
2,3,8998,8999,1
2,3,11076,11080,4
2,3,11088,11095,7
2,3,11097,11100,3
2,3,11102,11131,29
2,3,11143,11147,4
2,3,19584,19668,84
2,3,19690,19709,19
2,3,20736,20742,6
2,3,20800,20804,4
2,3,20810,20983,173
2,3,20997,20998,1
2,3,21004,21094,90
2,3,21096,21098,2
2,3,21100,21103,3
2,3,21106,21107,1
2,3,21936,21940,4
2,3,21945,22033,88
2,3,22122,22149,27
2,3,22159,22175,16
2,3,22177,22180,3
2,3,22182,22183,1
2,3,22185,22200,15
2,3,24667,24671,4
2,3,24708,24744,36
2,3,24746,24748,2
2,3,25011,25019,8
2,3,25360,25362,2
2,3,25474,25496,22
2,3,25747,25748,1
2,3,25776,25779,3
2,3,26266,26268,2
2,3,26559,26560,1
2,3,26562,26564,2
2,3,26574,26575,1
2,3,26885,26901,16
2,4,2765,2768,3
2,4,2775,2779,4
2,4,3023,3025,2
2,4,3028,3039,11
2,4,4102,4105,3
2,4,4114,4116,2
2,4,4154,4219,65
2,4,4772,4874,102
2,4,4878,4879,1
2,4,4945,4946,1
2,4,4948,4950,2
2,4,5004,5013,9
2,4,5015,5019,4
2,4,9017,9027,10
2,4,9035,9036,1
2,4,9042,9045,3
2,4,9056,9057,1
2,4,9369,9381,12
2,4,12561,12628,67
2,4,12630,12689,59
2,4,12733,12758,25
2,4,12760,12762,2
2,4,12764,12768,4
2,4,12771,12779,8
2,4,13014,13082,68
2,4,13086,13110,24
2,4,13112,13117,5
2,4,13424,13425,1
2,4,13437,13439,2
2,4,13465,13538,73
2,4,13544,13551,7
2,4,13557,13586,29
2,4,13614,13616,2
2,4,13618,13619,1
2,4,13623,13641,18
2,4,13652,13653,1
2,4,13655,13656,1
2,4,13658,13794,136
2,4,13796,13797,1
2,4,13826,13828,2
2,4,13830,13860,30
2,4,13862,13873,11
2,4,13940,13961,21
2,4,13965,13972,7
2,4,13995,13996,1
2,4,14007,14010,3
2,4,14012,14013,1
2,4,14015,14044,29
2,4,14118,14162,44
2,4,14180,14184,4
2,4,14444,14445,1
2,4,14500,14501,1
2,4,14503,14528,25
2,4,14546,14547,1
2,4,14549,14550,1
2,4,14579,14593,14
2,4,14688,14766,78
2,4,14775,14838,63
2,4,14841,14932,91
2,4,15343,15345,2
2,4,15348,15351,3
2,4,15664,15665,1
2,4,15744,15746,2
2,4,15822,15826,4
2,4,15828,15834,6
2,4,15836,15838,2
2,4,15869,15873,4
2,4,15963,15964,1
2,4,22123,22130,7
2,4,22606,22608,2
2,4,22614,22619,5
2,4,22621,22643,22
2,4,22646,22650,4
2,4,22667,22670,3
2,4,22672,22681,9
2,4,22815,22816,1
2,4,22846,22847,1
2,4,22849,22850,1
2,4,22878,22885,7
2,4,22887,22922,35
2,4,22924,22926,2
2,4,22931,22932,1
2,4,23084,23085,1
2,4,23110,23114,4
2,4,23319,23323,4
2,4,24752,24761,9
2,4,24846,24847,1
2,4,24849,24856,7
2,4,24858,24862,4
2,4,24867,24868,1
2,4,25175,25176,1
2,4,25203,25204,1
2,4,26059,26065,6
2,4,26374,26395,21
2,4,26410,26413,3
2,4,26415,26451,36
2,4,26453,26476,23
2,4,26479,26484,5
2,4,26497,26500,3
2,4,26529,26532,3
2,4,26538,26539,1
2,4,26694,26720,26
2,4,27027,27057,30
2,5,0,30,30
2,5,4165,4166,1
2,5,4172,4227,55
2,5,4517,4526,9
2,5,4537,4540,3
2,5,4746,4761,15
2,5,4931,4933,2
2,5,5282,5284,2
2,5,5288,5289,1
2,5,5901,5906,5
2,5,5908,5928,20
2,5,5931,5937,6
2,5,5941,5943,2
2,5,5979,5982,3
2,5,5988,5989,1
2,5,5994,5995,1
2,5,6104,6123,19
2,5,6125,6130,5
2,5,6135,6140,5
2,5,6145,6147,2
2,5,6173,6186,13
2,5,6191,6192,1
2,5,6194,6200,6
2,5,6203,6205,2
2,5,7782,7784,2
2,5,7786,7834,48
2,5,16370,16373,3
2,5,17277,17278,1
2,5,17283,17284,1
2,5,17289,17290,1
2,5,17296,17303,7
2,5,17306,17308,2
2,5,17360,17362,2
2,5,17365,17377,12
2,5,17386,17393,7
2,5,17396,17669,273
2,5,17680,17682,2
2,5,17784,17956,172
2,5,22896,22901,5
2,5,22908,22915,7
2,5,22920,22937,17
2,5,25380,25381,1
2,5,25400,25401,1
2,5,25405,25518,113
2,5,25525,25628,103
2,5,25635,25640,5
2,5,25689,25698,9
2,5,25700,25722,22
2,5,26418,26512,94
2,5,26514,26539,25
2,5,27251,27252,1
2,5,27265,27447,182
2,5,27452,27453,1
2,5,27587,27588,1
2,5,27594,27596,2
2,5,27603,27635,32
2,5,27637,27691,54
2,5,27699,27731,32
2,5,27733,27740,7
2,5,27763,27767,4
2,5,27770,27774,4
2,5,27776,27799,23
2,5,27886,27892,6
2,5,27898,27900,2
2,5,27905,28127,222
2,5,28160,28163,3
2,6,4908,4912,4
2,6,4914,4915,1
2,6,4986,4987,1
2,6,5217,5218,1
2,6,5225,5250,25
2,6,5291,5292,1
2,6,5295,5305,10
2,6,5460,5516,56
2,6,5597,5599,2
2,6,5633,5649,16
2,6,5652,5657,5
2,6,5684,5713,29
2,6,5715,5716,1
2,6,5726,5729,3
2,6,5736,5848,112
2,6,5852,5853,1
2,6,5904,5906,2
2,6,5911,5928,17
2,6,5930,5938,8
2,6,5940,5942,2
2,6,5978,5979,1
2,6,10892,10896,4
2,6,12523,12524,1
2,6,12527,12529,2
2,6,12533,12536,3
2,6,12540,12564,24
2,6,12566,12572,6
2,6,12579,12587,8
2,6,12592,12598,6
2,6,12635,12680,45
2,6,20843,20849,6
2,6,20853,20855,2
2,6,20886,20889,3
2,6,20891,20892,1
2,6,20958,20960,2
2,6,20963,20965,2
2,6,20967,21025,58
2,6,21172,21178,6
2,6,21180,21183,3
2,6,22246,22248,2
2,6,22252,22253,1
2,6,22428,22506,78
2,6,22516,22592,76
2,6,22594,22595,1
2,6,22597,22598,1
2,6,22688,22690,2
2,6,22694,22789,95
2,6,22977,22989,12
2,6,23114,23115,1
2,7,115,229,114
2,7,233,238,5
2,7,1039,1046,7
2,7,5406,5408,2
2,7,5419,5421,2
2,7,5424,5431,7
2,7,5435,5436,1
2,7,5438,5444,6
2,7,5587,5588,1
2,7,5590,5618,28
2,7,5657,5676,19
2,7,5690,5694,4
2,7,5697,5698,1
2,7,5710,5749,39
2,7,5756,5758,2
2,7,5778,5784,6
2,7,5787,5796,9
2,7,5870,5871,1
2,7,5899,5902,3
2,7,5919,5927,8
2,7,6221,6250,29
2,7,6253,6267,14
2,7,11447,11460,13
2,7,21942,22068,126
2,7,22075,22122,47
2,7,22141,22143,2
2,7,22145,22170,25
2,7,22239,22253,14
2,7,22266,22269,3
2,7,22324,22330,6
2,7,22334,22350,16
2,7,22355,22357,2
2,7,22361,22387,26
2,8,510,511,1
2,8,516,521,5
2,8,523,529,6
2,8,1052,1056,4
2,8,3418,3482,64
2,8,3486,3489,3
2,8,4975,4979,4
2,8,4986,5024,38
2,8,5095,5100,5
2,8,5351,5353,2
2,8,5363,5383,20
2,8,5387,5391,4
2,8,5424,5497,73
2,8,5501,5515,14
2,8,5519,5544,25
2,8,5546,5604,58
2,8,5612,5628,16
2,8,5630,5648,18
2,8,5651,5721,70
2,8,5743,5766,23
2,8,5768,5771,3
2,8,5815,5875,60
2,8,5877,5929,52
2,8,5932,5935,3
2,8,14461,14471,10
2,8,14474,14475,1
2,8,14496,14500,4
2,8,14514,14516,2
2,8,14522,14527,5
2,8,14532,14535,3
2,8,14538,14567,29
2,8,14571,14580,9
2,8,14587,14588,1
2,8,14591,14790,199
2,8,14803,14840,37
2,8,14943,14951,8
2,8,14955,15022,67
2,8,15024,15025,1
2,8,15029,15033,4
2,8,15041,15044,3
2,8,15048,15061,13
2,8,15063,15064,1
2,8,15097,15174,77
2,8,15264,15292,28
2,8,15303,15304,1
2,8,15308,15321,13
2,8,15323,15337,14
2,8,15343,15376,33
2,8,15462,15502,40
2,8,15509,15565,56
2,8,15568,15569,1
2,8,15579,15586,7
2,8,15589,15600,11
2,8,15604,15708,104
2,8,15715,15725,10
2,8,15773,15792,19
2,8,15821,15823,2
2,8,15828,15830,2
2,8,15854,15861,7
2,8,15864,15868,4
2,8,15884,15894,10
2,8,15912,15914,2
2,8,15934,15938,4
2,8,15944,15968,24
2,8,15970,15971,1
2,8,15973,15974,1
2,8,16119,16205,86
2,8,16210,16212,2
2,8,18076,18077,1
2,8,18169,18170,1
2,8,18185,18187,2
2,8,22733,22735,2
2,8,22754,22757,3
2,8,28720,28730,10
2,8,28733,28734,1
2,8,28748,28764,16
2,8,28766,28771,5
2,9,3920,3993,73
2,9,4006,4012,6
2,9,4151,4159,8
2,9,4185,4192,7
2,9,4197,4198,1
2,9,4201,4204,3
2,9,4210,4218,8
2,9,4227,4238,11
2,9,4241,4242,1
2,9,4246,4248,2
2,9,4250,4263,13
2,9,4266,4299,33
2,9,4301,4305,4
2,9,4310,4326,16
2,9,4341,4342,1
2,9,4348,4350,2
2,9,4373,4374,1
2,9,4376,4377,1
2,9,4396,4399,3
2,9,4402,4403,1
2,9,4415,4427,12
2,9,5373,5375,2
2,9,5697,5715,18
2,9,5733,5734,1
2,9,5736,5739,3
2,9,5745,5746,1
2,9,5748,5768,20
2,9,5788,5792,4
2,9,5794,5814,20
2,9,13524,13544,20
2,9,14073,14086,13
2,9,14088,14163,75
2,9,14167,14244,77
2,9,14247,14258,11
2,9,14261,14272,11
2,9,14277,14283,6
2,9,14292,14328,36
2,9,14330,14332,2
2,9,14339,14341,2
2,9,14359,14363,4
2,9,14556,14563,7
2,9,14571,14615,44
2,9,14692,14723,31
2,9,15067,15073,6
2,9,15095,15098,3
2,9,15101,15112,11
2,9,15123,15124,1
2,9,15344,15346,2
2,9,15348,15352,4
2,9,15354,15369,15
2,9,16164,16165,1
2,9,16167,16173,6
2,9,16178,16216,38
2,9,16219,16365,146
2,9,16377,16378,1
2,9,16384,16396,12
2,9,16422,16424,2
2,9,16426,16427,1
2,9,16430,16502,72
2,9,18691,18703,12
2,9,18715,18726,11
2,9,25872,25879,7
2,9,25883,25951,68
2,9,25954,25974,20
2,9,26220,26223,3
2,9,27622,27623,1
2,10,3740,3748,8
2,10,3751,3752,1
2,10,4753,4864,111
2,10,4868,4889,21
2,10,5317,5361,44
2,10,5363,5415,52
2,10,5433,5434,1
2,10,5456,5457,1
2,10,5460,5461,1
2,10,5464,5466,2
2,10,5471,5479,8
2,10,5482,5483,1
2,10,5610,5614,4
2,10,5632,5634,2
2,10,5639,5640,1
2,10,5654,5655,1
2,10,5657,5692,35
2,10,5729,5738,9
2,10,8043,8046,3
2,10,8048,8055,7
2,10,8554,8555,1
2,10,8564,8581,17
2,10,20655,20686,31
2,10,20689,20699,10
2,10,20702,20705,3
2,10,20707,20711,4
2,10,20713,20714,1
2,10,20730,20732,2
2,10,20737,20738,1
2,10,20779,20785,6
2,10,20793,20797,4
2,10,20800,20802,2
2,10,20808,20897,89
2,10,20901,20983,82
2,10,21159,21170,11
2,10,21175,21176,1
2,10,21434,21435,1
2,10,27739,27784,45
2,10,27786,27787,1
2,10,27790,27791,1
2,10,27943,27944,1
2,10,27947,27948,1
2,10,28095,28096,1
2,11,3155,3156,1
2,11,3223,3226,3
2,11,3228,3244,16
2,11,3246,3261,15
2,11,3264,3265,1
2,11,3272,3278,6
2,11,3319,3384,65
2,11,4234,4238,4
2,11,4241,4254,13
2,11,4260,4266,6
2,11,5827,5828,1
2,11,5830,5833,3
2,11,7799,7800,1
2,11,7821,7826,5
2,11,7829,7844,15
2,11,8552,8638,86
2,11,8641,8642,1
2,11,8762,8763,1
2,11,8767,8772,5
2,11,8785,8815,30
2,11,8821,8836,15
2,11,8945,9013,68
2,11,9018,9021,3
2,11,9025,9031,6
2,11,9139,9145,6
2,11,10403,10409,6
2,11,10411,10464,53
2,11,10467,10493,26
2,11,10508,10523,15
2,11,10543,10545,2
2,11,10547,10551,4
2,11,10788,10794,6
2,11,10796,10836,40
2,11,20421,20422,1
2,11,20527,20532,5
2,11,20772,20777,5
2,11,21337,21347,10
2,11,21349,21351,2
2,11,21355,21356,1
2,11,27244,27253,9
2,11,27266,27286,20
2,11,27291,27301,10
2,11,27330,27349,19
2,11,27538,27539,1
2,11,27723,27724,1
2,11,27987,28030,43
2,11,28032,28033,1
2,11,28037,28044,7
2,11,28046,28050,4
2,11,28052,28060,8
2,11,28069,28089,20
2,11,28231,28299,68
2,11,28621,28631,10
2,11,28775,28779,4
2,11,28781,28788,7
2,12,391,397,6
2,12,402,413,11
2,12,417,418,1
2,12,421,424,3
2,12,432,433,1
2,12,437,497,60
2,12,587,596,9
2,12,612,615,3
2,12,3722,3731,9
2,12,3735,3740,5
2,12,3786,3794,8
2,12,3839,3841,2
2,12,3845,3846,1
2,12,3860,3862,2
2,12,3867,3869,2
2,12,3920,4046,126
2,12,4051,4054,3
2,12,6051,6064,13
2,12,12953,12957,4
2,12,14367,14535,168
2,12,14543,14558,15
2,12,14562,14607,45
2,12,14609,14612,3
2,12,14814,14815,1
2,12,14819,14857,38
2,12,14939,14948,9
2,12,14966,14970,4
2,12,14974,14983,9
2,12,14987,15066,79
2,12,15354,15365,11
2,12,15392,15395,3
2,12,15399,15406,7
2,12,15415,15417,2
2,12,15419,15713,294
2,12,15715,15722,7
2,12,15835,15838,3
2,12,15842,15843,1
2,12,15849,15972,123
2,12,15977,15980,3
2,12,15982,16150,168
2,12,16153,16155,2
2,12,16159,16162,3
2,12,16165,16166,1
2,12,16175,16177,2
2,12,18479,18565,86
2,12,18567,18568,1
2,12,18587,18591,4
2,12,18596,18605,9
2,12,18654,18670,16
2,12,18675,18679,4
2,12,21955,21969,14
2,12,21973,21996,23
2,12,22003,22014,11
2,12,22123,22131,8
2,12,22430,22432,2
2,12,22435,22440,5
2,12,22450,22451,1
2,12,22467,22472,5
2,12,22474,22477,3
2,12,22541,22545,4
2,12,22564,22577,13
2,12,22584,22616,32
2,12,22618,22619,1
2,12,22628,22631,3
2,12,22634,22637,3
2,12,22643,22675,32
2,12,22677,22688,11
2,12,22706,22717,11
2,12,22723,22864,141
2,12,22869,22931,62
2,12,22933,22934,1
2,12,23061,23095,34
2,12,23101,23104,3
2,12,23106,23107,1
2,12,23109,23113,4
2,12,23656,23675,19
2,12,23680,23688,8
2,12,23713,23717,4
2,12,23728,23812,84
2,12,28497,28501,4
2,12,28521,28525,4
2,12,28527,28529,2
2,12,28532,28534,2
2,12,28540,28556,16
2,12,28562,28570,8
2,12,28586,28589,3
2,12,28593,28594,1
3,4,4385,4437,52
3,4,5118,5122,4
3,4,5125,5132,7
3,4,5134,5135,1
3,4,5139,5140,1
3,4,5144,5166,22
3,4,5177,5219,42
3,4,5264,5284,20
3,4,5396,5399,3
3,4,5403,5496,93
3,4,5498,5503,5
3,4,5658,5668,10
3,4,5671,5680,9
3,4,5682,5704,22
3,4,5718,5720,2
3,4,5722,5744,22
3,4,5746,5751,5
3,4,5808,5822,14
3,4,6039,6048,9
3,4,6134,6136,2
3,4,6138,6366,228
3,4,6399,6401,2
3,4,6818,6869,51
3,4,6896,6937,41
3,4,7056,7057,1
3,4,7063,7237,174
3,4,7247,7262,15
3,4,7264,7305,41
3,4,7308,7401,93
3,4,7403,7406,3
3,4,7411,7430,19
3,4,7447,7488,41
3,4,7491,7501,10
3,4,7506,7563,57
3,4,7571,7587,16
3,4,7589,7605,16
3,4,7607,7608,1
3,4,7610,7615,5
3,4,7630,7631,1
3,4,9076,9081,5
3,4,9087,9094,7
3,4,11003,11009,6
3,4,11011,11012,1
3,4,17725,17726,1
3,4,17774,17858,84
3,4,17866,17962,96
3,4,18066,18068,2
3,4,18088,18089,1
3,4,18092,18094,2
3,4,18096,18099,3
3,4,18101,18111,10
3,4,18113,18208,95
3,4,18211,18212,1
3,4,18214,18286,72
3,4,18311,18333,22
3,4,18377,18378,1
3,4,18393,18402,9
3,4,18406,18409,3
3,4,18426,18475,49
3,4,22038,22039,1
3,4,22041,22148,107
3,4,22150,22162,12
3,4,22171,22176,5
3,4,24738,24739,1
3,4,26715,26716,1
3,4,26737,26745,8
3,4,26761,26767,6
3,4,26773,26789,16
3,4,26793,26828,35
3,4,26830,26901,71
3,4,27010,27012,2
3,4,27021,27024,3
3,4,27032,27038,6
3,4,27112,27187,75
3,4,27189,27190,1
3,4,27219,27270,51
3,4,27285,27286,1
3,4,27291,27292,1
3,4,27294,27299,5
3,4,27303,27309,6
3,4,27312,27315,3
3,4,27330,27338,8
3,5,2035,2047,12
3,5,2056,2060,4
3,5,2062,2065,3
3,5,2104,2107,3
3,5,2112,2113,1
3,5,6718,6731,13
3,5,6737,6744,7
3,5,6747,6748,1
3,5,6753,6754,1
3,5,6771,6772,1
3,5,6818,6821,3
3,5,6823,6825,2
3,5,6883,6887,4
3,5,6896,6905,9
3,5,6907,6908,1
3,5,10098,10099,1
3,5,22654,22657,3
3,5,22665,22674,9
3,5,22676,22677,1
3,5,22679,22737,58
3,5,22746,22778,32
3,5,22783,22786,3
3,5,22788,22809,21
3,5,22814,22819,5
3,5,22821,22823,2
3,5,22829,22833,4
3,5,22839,22844,5
3,5,22846,22851,5
3,5,24450,24565,115
3,5,24570,24573,3
3,5,25091,25096,5
3,5,25237,25256,19
3,5,25263,25269,6
3,5,25271,25407,136
3,5,25409,25413,4
3,5,25840,25847,7
3,6,1089,1090,1
3,6,1092,1096,4
3,6,1129,1161,32
3,6,1686,1690,4
3,6,1692,1740,48
3,6,5106,5158,52
3,6,5160,5161,1
3,6,5163,5170,7
3,6,5174,5189,15
3,6,10548,10549,1
3,6,10551,10555,4
3,6,10558,10635,77
3,6,10640,10642,2
3,6,10644,10651,7
3,6,10659,10660,1
3,6,10662,10722,60
3,6,10725,10732,7
3,6,10734,10737,3
3,6,10804,10808,4
3,6,10915,10920,5
3,6,11597,11598,1
3,6,11603,11608,5
3,6,11626,11633,7
3,6,11635,11638,3
3,6,11643,11691,48
3,6,11696,11751,55
3,6,11756,11815,59
3,6,15728,15735,7
3,6,15737,15755,18
3,6,15762,15770,8
3,6,15814,15857,43
3,6,15993,15998,5
3,6,16000,16002,2
3,6,16004,16015,11
3,6,16017,16035,18
3,6,16750,16751,1
3,6,16790,16799,9
3,6,16801,16942,141
3,6,16945,16948,3
3,6,20679,20681,2
3,6,20734,20735,1
3,6,20812,20817,5
3,6,21089,21113,24
3,6,21116,21129,13
3,6,21136,21144,8
3,6,21146,21151,5
3,6,21153,21154,1
3,6,21209,21210,1
3,6,21213,21215,2
3,6,21224,21225,1
3,6,21227,21229,2
3,6,21231,21242,11
3,6,21270,21302,32
3,6,21306,21312,6
3,6,21316,21343,27
3,6,21348,21349,1
3,6,21639,21643,4
3,6,21647,21649,2
3,6,21657,21739,82
3,6,21750,21751,1
3,6,21797,21805,8
3,6,21807,21878,71
3,6,22080,22099,19
3,6,22103,22113,10
3,6,22793,22798,5
3,6,22815,22840,25
3,6,22850,22851,1
3,6,22858,22859,1
3,6,24068,24076,8
3,6,24083,24235,152
3,6,24256,24258,2
3,6,24264,24275,11
3,6,24323,24325,2
3,6,24327,24330,3
3,6,24334,24345,11
3,6,24357,24363,6
3,6,24365,24376,11
3,6,24461,24466,5
3,6,24470,24494,24
3,6,24498,24503,5
3,6,24511,24517,6
3,6,24554,24565,11
3,7,75,77,2
3,7,885,888,3
3,7,890,894,4
3,7,901,914,13
3,7,918,930,12
3,7,933,945,12
3,7,982,988,6
3,7,2228,2229,1
3,7,2231,2235,4
3,7,2261,2267,6
3,7,4170,4180,10
3,7,4187,4197,10
3,7,4266,4281,15
3,7,4288,4310,22
3,7,4312,4321,9
3,7,4372,4373,1
3,7,4377,4379,2
3,7,4396,4397,1
3,7,12092,12093,1
3,7,12101,12125,24
3,7,12128,12140,12
3,7,12142,12151,9
3,7,12154,12155,1
3,7,12157,12158,1
3,7,12160,12166,6
3,7,15764,15765,1
3,7,15790,15799,9
3,7,15808,15809,1
3,7,17161,17162,1
3,7,17165,17243,78
3,7,17248,17249,1
3,7,17268,17510,242
3,7,17716,17719,3
3,7,17722,17780,58
3,7,17782,17783,1
3,7,17785,17790,5
3,7,17798,17834,36
3,7,21470,21480,10
3,7,21488,21490,2
3,7,21498,21500,2
3,7,21503,21545,42
3,7,21549,21595,46
3,7,21599,21600,1
3,7,21611,21612,1
3,7,21618,21624,6
3,7,21630,21648,18
3,7,21733,21736,3
3,7,21788,21815,27
3,7,21817,22036,219
3,7,22066,22067,1
3,7,22069,22072,3
3,7,22163,22165,2
3,7,22188,22189,1
3,7,22192,22225,33
3,7,22278,22279,1
3,7,22288,22348,60
3,7,22351,22354,3
3,7,22358,22362,4
3,7,22365,22370,5
3,7,22372,22375,3
3,7,22379,22381,2
3,8,981,982,1
3,8,989,1009,20
3,8,2073,2074,1
3,8,2081,2091,10
3,8,2334,2338,4
3,8,2406,2489,83
3,8,2497,2498,1
3,8,2573,2574,1
3,8,2825,2830,5
3,8,3002,3034,32
3,8,3045,3056,11
3,8,3059,3065,6
3,8,3088,3089,1
3,8,3092,3093,1
3,8,3098,3107,9
3,8,3313,3314,1
3,8,4140,4141,1
3,8,4166,4178,12
3,8,4193,4195,2
3,8,4199,4203,4
3,8,4294,4306,12
3,8,12415,12476,61
3,8,13516,13518,2
3,8,13725,13726,1
3,8,13728,13795,67
3,8,13799,13800,1
3,8,13821,13823,2
3,8,13825,13854,29
3,8,13858,13859,1
3,8,13916,13922,6
3,8,18409,18421,12
3,8,18437,18439,2
3,8,18451,18454,3
3,8,18460,18517,57
3,8,18563,18564,1
3,8,18569,18572,3
3,8,18576,18577,1
3,8,18583,18584,1
3,8,18610,18611,1
3,8,18613,18618,5
3,8,18620,18623,3
3,8,18631,18647,16
3,8,18666,18668,2
3,8,18670,18671,1
3,8,18691,18692,1
3,8,18702,18703,1
3,8,18903,18904,1
3,8,18911,18941,30
3,8,22685,22691,6
3,8,22699,22705,6
3,8,22707,22709,2
3,8,22711,22721,10
3,8,24528,24533,5
3,8,24543,24544,1
3,8,24547,24577,30
3,8,28744,28746,2
3,8,28777,28794,17
3,9,2209,2210,1
3,9,2213,2236,23
3,9,2262,2265,3
3,9,2493,2494,1
3,9,2498,2499,1
3,9,2501,2514,13
3,9,2535,2562,27
3,9,17167,17174,7
3,9,17177,17182,5
3,9,17189,17350,161
3,9,17353,17358,5
3,9,17367,17495,128
3,9,17499,17500,1
3,9,17503,17513,10
3,9,17515,17517,2
3,9,17521,17572,51
3,9,17575,17581,6
3,9,17601,17603,2
3,9,17634,17740,106
3,9,17758,17764,6
3,9,17766,17825,59
3,9,17827,17830,3
3,9,17832,17849,17
3,9,17851,17852,1
3,9,17920,17939,19
3,9,17944,17947,3
3,9,18394,18399,5
3,9,18421,18430,9
3,9,18433,18454,21
3,9,18459,18471,12
3,9,18612,18616,4
3,9,18618,18621,3
3,9,18623,18642,19
3,9,18645,18647,2
3,9,18859,18890,31
3,9,18893,18897,4
3,9,18907,18911,4
3,9,19150,19261,111
3,9,24052,24069,17
3,9,24073,24078,5
3,9,24083,24212,129
3,9,24216,24221,5
3,9,24223,24224,1
3,9,24382,24384,2
3,9,24456,24457,1
3,9,26098,26099,1
3,9,26101,26211,110
3,9,26214,26217,3
3,9,26225,26230,5
3,9,27772,27838,66
3,9,27841,27842,1
3,9,27844,28050,206
3,9,28053,28110,57
3,10,1472,1480,8
3,10,1482,1529,47
3,10,1532,1548,16
3,10,2605,2693,88
3,10,2725,2747,22
3,10,2749,2761,12
3,10,2764,2770,6
3,10,2810,2827,17
3,10,2871,2872,1
3,10,2880,2882,2
3,10,2894,3019,125
3,10,3062,3100,38
3,10,3110,3443,333
3,10,3445,3454,9
3,10,3498,3511,13
3,10,3517,3522,5
3,10,3528,3628,100
3,10,3631,3633,2
3,10,3811,3824,13
3,10,3865,3868,3
3,10,3870,3885,15
3,10,3893,3921,28
3,10,3923,3927,4
3,10,3934,3986,52
3,10,4057,4084,27
3,10,4104,4112,8
3,10,4114,4177,63
3,10,6647,6650,3
3,10,6652,6655,3
3,10,6660,6661,1
3,10,6691,6693,2
3,10,6823,6834,11
3,10,6849,6895,46
3,10,6995,6999,4
3,10,7003,7004,1
3,10,7010,7012,2
3,10,7038,7039,1
3,10,7285,7288,3
3,10,7718,7840,122
3,10,7863,7882,19
3,10,8225,8227,2
3,10,8229,8242,13
3,10,8392,8395,3
3,10,8403,8413,10
3,10,9147,9172,25
3,10,9219,9221,2
3,10,9308,9309,1
3,10,9432,9433,1
3,10,9894,9902,8
3,10,9904,9907,3
3,10,9909,9918,9
3,10,9928,9935,7
3,10,9986,10005,19
3,10,11465,11467,2
3,10,11486,11488,2
3,10,11490,11491,1
3,10,11508,11510,2
3,10,11520,11522,2
3,10,11532,11534,2
3,10,11536,11561,25
3,10,11605,11625,20
3,10,11995,12070,75
3,10,13041,13045,4
3,10,13078,13128,50
3,10,13131,13134,3
3,10,13137,13142,5
3,10,13146,13157,11
3,10,13170,13179,9
3,10,13216,13219,3
3,10,13223,13263,40
3,10,13268,13271,3
3,10,13273,13315,42
3,10,13319,13326,7
3,10,13331,13429,98
3,10,13445,13451,6
3,10,13453,13456,3
3,10,13459,13463,4
3,10,13472,13480,8
3,10,13491,13500,9
3,10,13513,13520,7
3,10,13543,13568,25
3,10,13751,13899,148
3,10,13905,13908,3
3,10,13930,13931,1
3,10,13933,13934,1
3,10,13947,13950,3
3,10,13952,14031,79
3,10,14075,14172,97
3,10,14659,14667,8
3,10,14669,14672,3
3,10,14674,14690,16
3,10,14698,14702,4
3,10,14804,14860,56
3,10,14873,14891,18
3,10,14903,14906,3
3,10,14924,14927,3
3,10,15446,15585,139
3,10,15640,15642,2
3,10,15676,15678,2
3,10,17034,17038,4
3,10,17043,17044,1
3,10,17240,17241,1
3,10,17243,17247,4
3,10,17254,17278,24
3,10,17286,17289,3
3,10,17294,17296,2
3,10,17327,17349,22
3,10,17366,17449,83
3,10,17642,17643,1
3,10,17678,17682,4
3,10,17702,17746,44
3,10,17748,17756,8
3,10,17758,17762,4
3,10,17780,17850,70
3,10,20589,20595,6
3,10,20597,20654,57
3,10,20683,20885,202
3,10,20888,20889,1
3,10,20893,20997,104
3,10,20999,21018,19
3,10,21020,21025,5
3,10,24254,24278,24
3,10,24280,24281,1
3,10,24283,24290,7
3,10,24294,24299,5
3,10,24301,24302,1
3,10,28166,28167,1
3,10,28169,28174,5
3,10,28220,28221,1
3,10,28223,28229,6
3,10,28231,28232,1
3,10,28239,28247,8
3,10,28252,28270,18
3,10,28272,28281,9
3,10,28309,28313,4
3,11,1514,1581,67
3,11,1583,1584,1
3,11,1589,1590,1
3,11,1741,1742,1
3,11,1749,1750,1
3,11,1757,1758,1
3,11,1762,1790,28
3,11,1832,1835,3
3,11,1840,1841,1
3,11,2540,2551,11
3,11,2576,2585,9
3,11,2595,2598,3
3,11,2602,2639,37
3,11,8736,8755,19
3,11,8757,8763,6
3,11,8785,8793,8
3,11,8798,8813,15
3,11,8826,8837,11
3,11,8847,8849,2
3,11,8853,8854,1
3,11,8876,8908,32
3,11,8910,8921,11
3,11,8967,8968,1
3,11,8970,8973,3
3,11,8975,8988,13
3,11,8993,9002,9
3,11,9031,9032,1
3,11,9035,9039,4
3,11,9049,9052,3
3,11,9056,9136,80
3,11,9523,9524,1
3,11,9607,9653,46
3,11,9661,9667,6
3,11,9669,9673,4
3,11,9675,9678,3
3,11,9684,9726,42
3,11,9901,9902,1
3,11,9908,9910,2
3,11,9938,9948,10
3,11,11219,11224,5
3,11,11238,11243,5
3,11,11256,11257,1
3,11,11375,11376,1
3,11,11414,11417,3
3,11,11441,11444,3
3,11,11453,11455,2
3,11,11457,11463,6
3,11,11471,11477,6
3,11,11480,11484,4
3,11,11493,11516,23
3,11,11520,11526,6
3,11,11528,11530,2
3,11,11544,11549,5
3,11,11578,11617,39
3,11,11639,11644,5
3,11,11650,11651,1
3,11,11653,11829,176
3,11,11838,11839,1
3,11,11908,11910,2
3,11,11917,11918,1
3,11,15581,15596,15
3,11,15604,15667,63
3,11,19919,19924,5
3,11,19972,19975,3
3,11,20009,20024,15
3,11,20180,20183,3
3,11,20186,20267,81
3,11,20270,20274,4
3,11,20411,20434,23
3,11,20486,20488,2
3,11,20493,20494,1
3,11,20498,20509,11
3,11,20511,20514,3
3,11,20522,20526,4
3,11,20533,20549,16
3,11,21349,21350,1
3,11,21352,21353,1
3,11,21390,21391,1
3,11,21395,21427,32
3,11,21429,21437,8
3,11,21443,21446,3
3,11,21553,21578,25
3,11,21586,21591,5
3,11,21596,21600,4
3,11,23735,23745,10
3,11,23747,23752,5
3,11,23755,23760,5
3,11,23811,23832,21
3,11,23839,23854,15
3,11,24022,24023,1
3,11,24092,24195,103
3,11,24204,24211,7
3,11,24224,24227,3
3,11,24545,24546,1
3,11,27374,27379,5
3,11,27381,27417,36
3,11,27677,27679,2
3,11,27908,27931,23
3,11,28351,28361,10
3,11,28380,28388,8
3,11,28393,28445,52
3,11,28448,28449,1
3,11,28451,28474,23
3,11,28479,28480,1
3,11,28495,28502,7
3,11,28532,28566,34
3,11,28646,28647,1
3,11,28650,28651,1
3,11,28654,28656,2
3,11,28780,28789,9
3,11,28792,28794,2
3,12,1009,1014,5
3,12,1016,1025,9
3,12,1524,1617,93
3,12,1621,1624,3
3,12,1626,1679,53
3,12,2650,2652,2
3,12,2660,2668,8
3,12,2670,2678,8
3,12,2702,2738,36
3,12,2740,2747,7
3,12,2753,2754,1
3,12,2765,2766,1
3,12,2785,2807,22
3,12,2812,2814,2
3,12,2892,2893,1
3,12,2976,2978,2
3,12,2980,2984,4
3,12,3008,3027,19
3,12,3036,3045,9
3,12,3070,3071,1
3,12,3073,3175,102
3,12,3177,3346,169
3,12,3358,3359,1
3,12,3366,3453,87
3,12,3455,3466,11
3,12,3473,3477,4
3,12,3488,3513,25
3,12,3516,3520,4
3,12,3562,3563,1
3,12,3565,3566,1
3,12,3571,3578,7
3,12,3637,3646,9
3,12,3653,3670,17
3,12,3673,3703,30
3,12,4038,4043,5
3,12,4089,4090,1
3,12,4096,4106,10
3,12,4111,4154,43
3,12,4157,4166,9
3,12,4171,4186,15
3,12,4201,4322,121
3,12,4325,4326,1
3,12,4369,4376,7
3,12,4411,4427,16
3,12,4431,4433,2
3,12,4436,4437,1
3,12,4978,4990,12
3,12,4993,5000,7
3,12,5331,5378,47
3,12,5388,5403,15
3,12,5525,5526,1
3,12,5549,5556,7
3,12,5564,5565,1
3,12,5567,5568,1
3,12,5599,5622,23
3,12,5971,5990,19
3,12,6086,6087,1
3,12,6090,6097,7
3,12,6106,6107,1
3,12,6121,6123,2
3,12,6127,6128,1
3,12,6171,6177,6
3,12,6354,6386,32
3,12,6388,6390,2
3,12,6393,6395,2
3,12,6397,6523,126
3,12,6526,6528,2
3,12,6545,6610,65
3,12,6726,6728,2
3,12,6733,6735,2
3,12,6741,6855,114
3,12,6883,7014,131
3,12,7019,7021,2
3,12,7045,7046,1
3,12,7048,7129,81
3,12,7251,7259,8
3,12,10384,10394,10
3,12,10497,10499,2
3,12,10504,10508,4
3,12,10510,10532,22
3,12,10536,10540,4
3,12,10549,10551,2
3,12,10844,10873,29
3,12,11149,11152,3
3,12,11165,11274,109
3,12,11300,11301,1
3,12,11303,11307,4
3,12,11311,11319,8
3,12,11328,11329,1
3,12,11356,11369,13
3,12,11420,11421,1
3,12,11423,11429,6
3,12,11440,11443,3
3,12,11461,11464,3
3,12,11467,11495,28
3,12,11501,11532,31
3,12,11544,11546,2
3,12,11548,11551,3
3,12,11564,11586,22
3,12,11592,11593,1
3,12,11639,11704,65
3,12,13660,13661,1
3,12,13666,13667,1
3,12,13720,13722,2
3,12,13733,13735,2
3,12,17982,17992,10
3,12,17994,18000,6
3,12,18030,18044,14
3,12,18082,18199,117
3,12,19193,19208,15
3,12,19210,19216,6
3,12,19238,19351,113
3,12,19367,19423,56
3,12,19425,19427,2
3,12,19442,19443,1
3,12,19451,19462,11
3,12,19542,19543,1
3,12,21444,21446,2
3,12,21451,21459,8
3,12,21461,21465,4
3,12,21472,21514,42
3,12,21526,21527,1
3,12,21536,21544,8
3,12,21557,21559,2
3,12,21739,21797,58
3,12,21799,21800,1
3,12,21851,21940,89
3,12,21945,21975,30
3,12,21995,21997,2
3,12,22000,22015,15
3,12,22022,22146,124
3,12,22150,22153,3
3,12,22158,22163,5
3,12,22165,22166,1
4,5,4152,4173,21
4,5,4186,4253,67
4,5,4261,4277,16
4,5,4279,4355,76
4,5,4734,4747,13
4,5,6867,6974,107
4,5,20362,20365,3
4,5,20370,20505,135
4,5,21128,21134,6
4,5,21142,21145,3
4,5,21149,21154,5
4,5,21159,21161,2
4,5,21177,21178,1
4,5,21183,21185,2
4,5,21192,21311,119
4,5,21360,21361,1
4,5,21377,21417,40
4,5,21422,21423,1
4,5,22906,22915,9
4,5,22921,22995,74
4,5,23012,23016,4
4,5,23020,23051,31
4,5,23208,23209,1
4,5,23245,23247,2
4,5,23404,23410,6
4,5,23468,23477,9
4,5,23480,23482,2
4,5,23484,23485,1
4,5,23792,23903,111
4,5,23907,23913,6
4,5,23915,23916,1
4,5,23918,23919,1
4,5,23927,23928,1
4,5,24000,24017,17
4,5,24021,24030,9
4,5,24032,24033,1
4,5,24058,24063,5
4,5,24080,24093,13
4,5,24096,24098,2
4,5,24101,24124,23
4,5,24336,24344,8
4,5,24351,24355,4
4,5,24357,24363,6
4,5,26406,26474,68
4,5,26484,26485,1
4,5,26487,26490,3
4,5,26493,26628,135
4,6,467,468,1
4,6,470,497,27
4,6,608,647,39
4,6,653,663,10
4,6,672,678,6
4,6,827,833,6
4,6,957,1013,56
4,6,1021,1030,9
4,6,1039,1041,2
4,6,1045,1057,12
4,6,1059,1060,1
4,6,1065,1069,4
4,6,2545,2555,10
4,6,3266,3269,3
4,6,3271,3272,1
4,6,3291,3520,229
4,6,3532,3533,1
4,6,3535,3536,1
4,6,3713,3719,6
4,6,3725,3746,21
4,6,3748,3935,187
4,6,3944,3969,25
4,6,3975,3979,4
4,6,3981,3984,3
4,6,3986,3987,1
4,6,5133,5135,2
4,6,5144,5164,20
4,6,5174,5191,17
4,6,7780,7781,1
4,6,7790,7831,41
4,6,7853,7858,5
4,6,7860,7888,28
4,6,7894,7904,10
4,6,7908,7934,26
4,6,7938,8025,87
4,6,8041,8079,38
4,6,8082,8084,2
4,6,9412,9415,3
4,6,9453,9455,2
4,6,9502,9653,151
4,6,9731,9788,57
4,6,9792,9798,6
4,6,9857,9933,76
4,6,9935,9964,29
4,6,9967,10037,70
4,6,10102,10103,1
4,6,10118,10207,89
4,6,10210,10368,158
4,6,10376,10387,11
4,6,10393,10419,26
4,6,10425,10432,7
4,6,10437,10438,1
4,6,10462,10464,2
4,6,12173,12230,57
4,6,12232,12237,5
4,6,12512,12515,3
4,6,12525,12526,1
4,6,12530,12532,2
4,6,12583,12584,1
4,6,12592,12593,1
4,6,12598,12599,1
4,6,12642,12643,1
4,6,12652,12656,4
4,6,12665,12667,2
4,6,12674,12675,1
4,6,12738,12739,1
4,6,15020,15021,1
4,6,15040,15071,31
4,6,21869,21872,3
4,6,21886,21988,102
4,6,22083,22098,15
4,6,22104,22108,4
4,6,22110,22111,1
4,6,22128,22139,11
4,6,22142,22177,35
4,6,22179,22185,6
4,6,22197,22271,74
4,6,23060,23061,1
4,6,23285,23298,13
4,6,23344,23362,18
4,6,23364,23367,3
4,6,23376,23413,37
4,6,23426,23446,20
4,6,23459,23536,77
4,6,24354,24356,2
4,6,24358,24367,9
4,6,24374,24401,27
4,6,28122,28123,1
4,6,28132,28136,4
4,6,28191,28193,2
4,6,28195,28209,14
4,6,28215,28216,1
4,7,5162,5179,17
4,7,5183,5204,21
4,7,5213,5272,59
4,7,5285,5296,11
4,7,5300,5302,2
4,7,5346,5348,2
4,7,5350,5356,6
4,7,5358,5359,1
4,7,15925,15930,5
4,7,15935,15937,2
4,7,16191,16212,21
4,7,16215,16226,11
4,7,16246,16247,1
4,7,16308,16311,3
4,7,16526,16528,2
4,7,16530,16557,27
4,7,16559,16561,2
4,7,16593,16604,11
4,7,16838,16839,1
4,7,16842,16843,1
4,7,16845,16859,14
4,7,16873,16912,39
4,7,16932,16965,33
4,7,16994,17001,7
4,7,17147,17151,4
4,7,17153,17155,2
4,7,17159,17160,1
4,7,17604,17605,1
4,7,17812,17813,1
4,7,17825,17836,11
4,7,18562,18563,1
4,7,18569,18572,3
4,7,20344,20351,7
4,7,20360,20395,35
4,7,20403,20446,43
4,7,20464,20468,4
4,7,20509,20526,17
4,7,20528,20529,1
4,7,20531,20559,28
4,7,20572,20652,80
4,7,20901,20906,5
4,7,20910,21001,91
4,7,21020,21032,12
4,7,21037,21040,3
4,7,21042,21229,187
4,7,22069,22082,13
4,8,120,122,2
4,8,134,156,22
4,8,161,162,1
4,8,164,259,95
4,8,4429,4499,70
4,8,4623,4624,1
4,8,4634,4640,6
4,8,4642,4643,1
4,8,4668,4676,8
4,8,4678,4688,10
4,8,4728,4729,1
4,8,4734,4781,47
4,8,4786,4791,5
4,8,4893,4943,50
4,8,4948,4966,18
4,8,4978,4990,12
4,8,7605,7606,1
4,8,7617,7645,28
4,8,8021,8024,3
4,8,8026,8030,4
4,8,8077,8147,70
4,8,10105,10114,9
4,8,10335,10347,12
4,8,10349,10350,1
4,8,10519,10555,36
4,8,10559,10566,7
4,8,10568,10570,2
4,8,10573,10575,2
4,8,10577,10579,2
4,8,10594,10601,7
4,8,10603,10632,29
4,8,10635,10638,3
4,8,10640,10642,2
4,8,10645,10651,6
4,8,11082,11084,2
4,8,11095,11107,12
4,8,11109,11111,2
4,8,11185,11186,1
4,8,11198,11204,6
4,8,11207,11233,26
4,8,11277,11298,21
4,8,11301,11447,146
4,8,11449,11536,87
4,8,11551,11595,44
4,8,11597,11598,1
4,8,11623,11728,105
4,8,11743,11752,9
4,8,11759,11762,3
4,8,11820,11870,50
4,8,11876,11879,3
4,8,11881,11949,68
4,8,11951,11952,1
4,8,11957,12036,79
4,8,12039,12099,60
4,8,14436,14437,1
4,8,14445,14446,1
4,8,14448,14449,1
4,8,14457,14468,11
4,8,14472,14547,75
4,8,14549,14551,2
4,8,14682,14766,84
4,8,14801,14822,21
4,8,15357,15360,3
4,8,15377,15379,2
4,8,15421,15436,15
4,8,15701,15705,4
4,8,15793,15818,25
4,8,15821,15826,5
4,8,15829,15831,2
4,8,15920,15925,5
4,8,15927,15933,6
4,8,15935,16080,145
4,8,16083,16085,2
4,8,17336,17342,6
4,8,17352,17357,5
4,8,17367,17368,1
4,8,17371,17409,38
4,8,17412,17417,5
4,8,17422,17423,1
4,8,17429,17540,111
4,8,20142,20145,3
4,8,20155,20161,6
4,8,20200,20206,6
4,8,20210,20241,31
4,8,20468,20469,1
4,8,21091,21177,86
4,8,21184,21191,7
4,8,21321,21322,1
4,9,4189,4194,5
4,9,4200,4216,16
4,9,4230,4232,2
4,9,10088,10090,2
4,9,10159,10163,4
4,9,10228,10310,82
4,9,10315,10342,27
4,9,10359,10529,170
4,9,10535,10537,2
4,9,11054,11112,58
4,9,11193,11218,25
4,9,11220,11238,18
4,9,11818,11819,1
4,9,11974,11975,1
4,9,13863,13864,1
4,9,13867,13876,9
4,9,13882,13887,5
4,9,13897,13922,25
4,9,14037,14038,1
4,9,14076,14079,3
4,9,14087,14096,9
4,9,14100,14171,71
4,9,14182,14184,2
4,9,14260,14263,3
4,9,14382,14439,57
4,9,14445,14448,3
4,9,14451,14459,8
4,9,14461,14603,142
4,9,14605,14614,9
4,9,14618,14624,6
4,9,14640,14712,72
4,9,15185,15198,13
4,9,15294,15295,1
4,9,15431,15434,3
4,9,15755,15761,6
4,9,15763,15894,131
4,9,15908,15910,2
4,9,16094,16099,5
4,9,17148,17149,1
4,9,17768,17784,16
4,9,17790,17793,3
4,9,17982,17985,3
4,9,18284,18287,3
4,9,18318,18319,1
4,9,18361,18362,1
4,9,18364,18530,166
4,9,18607,18611,4
4,9,19293,19299,6
4,9,19303,19312,9
4,9,19314,19436,122
4,9,19439,19448,9
4,9,20750,20819,69
4,9,20836,20839,3
4,9,20995,21089,94
4,9,21095,21097,2
4,9,21102,21103,1
4,9,21126,21129,3
4,9,21131,21137,6
4,9,21143,21144,1
4,9,21146,21187,41
4,9,21189,21190,1
4,9,21199,21204,5
4,9,21309,21344,35
4,9,21347,21359,12
4,9,21367,21382,15
4,9,21418,21420,2
4,9,21424,21425,1
4,9,21443,21456,13
4,9,21477,21478,1
4,9,21480,21573,93
4,9,21575,21581,6
4,9,21589,21591,2
4,9,21596,21618,22
4,9,21625,21628,3
4,9,21634,21635,1
4,9,21637,21660,23
4,9,21671,21673,2
4,9,21688,21694,6
4,9,21698,21784,86
4,9,21807,21813,6
4,9,21833,21869,36
4,9,21871,21874,3
4,9,21925,21942,17
4,9,23411,23412,1
4,9,23416,23418,2
4,9,23484,23485,1
4,9,23491,23494,3
4,9,26073,26078,5
4,10,0,16,16
4,10,23,32,9
4,10,35,48,13
4,10,54,60,6
4,10,68,142,74
4,10,144,152,8
4,10,159,175,16
4,10,220,234,14
4,10,279,282,3
4,10,291,294,3
4,10,4442,4445,3
4,10,4447,4522,75
4,10,4528,4548,20
4,10,4552,4554,2
4,10,4580,4582,2
4,10,4735,4736,1
4,10,4746,4747,1
4,10,4753,4755,2
4,10,4771,4851,80
4,10,5013,5014,1
4,10,5163,5176,13
4,10,6823,6826,3
4,10,6829,6874,45
4,10,16170,16173,3
4,10,16187,16193,6
4,10,16255,16257,2
4,10,16290,16291,1
4,10,16321,16357,36
4,10,16410,16412,2
4,10,16416,16418,2
4,10,16425,16429,4
4,10,16433,16527,94
4,10,16532,16539,7
4,10,16616,16624,8
4,10,16634,16635,1
4,10,16654,16964,310
4,10,17098,17103,5
4,10,17137,17179,42
4,10,17210,17227,17
4,10,17232,17235,3
4,10,17239,17255,16
4,10,17284,17287,3
4,10,17290,17296,6
4,10,17301,17307,6
4,10,17689,17690,1
4,10,17694,17697,3
4,10,17709,17734,25
4,10,17811,17812,1
4,10,17820,17837,17
4,11,609,649,40
4,11,2874,2876,2
4,11,2878,2950,72
4,11,2965,2974,9
4,11,2976,2977,1
4,11,3997,3999,2
4,11,4002,4003,1
4,11,4007,4009,2
4,11,4058,4088,30
4,11,4090,4095,5
4,11,4101,4161,60
4,11,4163,4171,8
4,11,8989,8997,8
4,11,9004,9005,1
4,11,9012,9018,6
4,11,9027,9029,2
4,11,9172,9173,1
4,11,9185,9196,11
4,11,9199,9249,50
4,11,9256,9271,15
4,11,9277,9278,1
4,11,9280,9282,2
4,11,9310,9322,12
4,11,9328,9329,1
4,11,9344,9345,1
4,11,9465,9467,2
4,11,11928,11931,3
4,11,11972,11978,6
4,11,12044,12057,13
4,11,12062,12067,5
4,11,12070,12075,5
4,11,21757,21758,1
4,11,25690,25691,1
4,11,25716,25764,48
4,11,25873,25878,5
4,11,25880,25891,11
4,11,26071,26103,32
4,11,26105,26106,1
4,11,26115,26116,1
4,11,26120,26175,55
4,11,27364,27366,2
4,11,27368,27380,12
4,11,27426,27447,21
4,11,27466,27535,69
4,12,99,100,1
4,12,106,124,18
4,12,126,236,110
4,12,259,261,2
4,12,263,273,10
4,12,889,892,3
4,12,899,937,38
4,12,941,942,1
4,12,944,950,6
4,12,4411,4419,8
4,12,4476,4477,1
4,12,4481,4498,17
4,12,4500,4509,9
4,12,4512,4517,5
4,12,4521,4531,10
4,12,4534,4535,1
4,12,4540,4543,3
4,12,4545,4550,5
4,12,4573,4574,1
4,12,4576,4578,2
4,12,4583,4585,2
4,12,4631,4633,2
4,12,4635,4656,21
4,12,6133,6136,3
4,12,6139,6159,20
4,12,6161,6166,5
4,12,6371,6375,4
4,12,6387,6411,24
4,12,6414,6441,27
4,12,6448,6464,16
4,12,6484,6488,4
4,12,6490,6501,11
4,12,6504,6506,2
4,12,6517,6542,25
4,12,6656,6660,4
4,12,6665,6719,54
4,12,6825,6844,19
4,12,6846,6847,1
4,12,6855,6863,8
4,12,6866,6874,8
4,12,6876,6881,5
4,12,6883,6895,12
4,12,6900,6906,6
4,12,6910,6971,61
4,12,6976,6979,3
4,12,7043,7045,2
4,12,7050,7062,12
4,12,7064,7144,80
4,12,7184,7193,9
4,12,7197,7198,1
4,12,7225,7227,2
4,12,7229,7286,57
4,12,7781,7782,1
4,12,7877,7884,7
4,12,7895,7904,9
4,12,9112,9114,2
4,12,10705,10711,6
4,12,10756,10768,12
4,12,10777,10785,8
4,12,10899,10937,38
4,12,10944,10966,22
4,12,10970,11004,34
4,12,11006,11040,34
4,12,11067,11071,4
4,12,14461,14468,7
4,12,14506,14511,5
4,12,14520,14532,12
4,12,14535,14552,17
4,12,14563,14569,6
4,12,14579,14702,123
4,12,14815,14816,1
4,12,14818,14831,13
4,12,14834,14837,3
4,12,14842,14844,2
4,12,15127,15129,2
4,12,15135,15139,4
4,12,15164,15172,8
4,12,15175,15176,1
4,12,15179,15181,2
4,12,15192,15209,17
4,12,15214,15218,4
4,12,15222,15252,30
4,12,15254,15255,1
4,12,15257,15258,1
4,12,15347,15353,6
4,12,15355,15368,13
4,12,15371,15374,3
4,12,15377,15379,2
4,12,15765,15766,1
4,12,15795,15844,49
4,12,15851,15863,12
4,12,15869,15871,2
4,12,17618,17623,5
4,12,18037,18108,71
4,12,18116,18144,28
4,12,18151,18184,33
4,12,18186,18195,9
4,12,18197,18198,1
4,12,20360,20365,5
4,12,20379,20411,32
4,12,20414,20416,2
4,12,20423,20431,8
4,12,20438,20441,3
4,12,21288,21289,1
4,12,21291,21354,63
4,12,21462,21469,7
4,12,21485,21488,3
4,12,21518,21530,12
4,12,21543,21545,2
4,12,21555,21556,1
4,12,21559,21560,1
4,12,22016,22246,230
4,12,22251,22298,47
4,12,22316,22342,26
4,12,22344,22348,4
4,12,22357,22359,2
4,12,22380,22381,1
4,12,22384,22385,1
4,12,22473,22479,6
4,12,22485,22489,4
4,12,22503,22504,1
4,12,22506,22516,10
4,12,22519,22522,3
4,12,22525,22566,41
4,12,22569,22570,1
4,12,22579,22583,4
4,12,22603,22604,1
4,12,22815,22821,6
4,12,22845,22853,8
4,12,22856,22862,6
4,12,22869,22871,2
4,12,22877,22886,9
4,12,22892,22927,35
4,12,22929,22962,33
4,12,22965,22975,10
4,12,23057,23062,5
4,12,23075,23080,5
4,12,23097,23110,13
4,12,23132,23139,7
4,12,23202,23208,6
4,12,23211,23221,10
4,12,23242,23257,15
4,12,23376,23379,3
4,12,23385,23387,2
4,12,23401,23484,83
4,12,23486,23491,5
5,6,4819,4909,90
5,6,4911,4927,16
5,6,4930,4931,1
5,6,4936,4943,7
5,6,4976,4977,1
5,6,5244,5250,6
5,6,5838,5844,6
5,6,5860,5979,119
5,6,6226,6228,2
5,6,6232,6234,2
5,6,6236,6251,15
5,6,6254,6256,2
5,6,6267,6372,105
5,6,6375,6647,272
5,6,6690,6692,2
5,6,6703,6719,16
5,6,6722,6723,1
5,6,6725,6726,1
5,6,6729,6737,8
5,6,13038,13119,81
5,6,13121,13132,11
5,6,13974,13994,20
5,6,13996,14000,4
5,6,14003,14005,2
5,6,14051,14069,18
5,6,14071,14107,36
5,6,14448,14654,206
5,6,14714,14723,9
5,6,14727,14729,2
5,6,14734,14741,7
5,6,18705,18714,9
5,6,18717,18723,6
5,6,18740,18741,1
5,6,18744,18806,62
5,6,18836,18843,7
5,6,18862,18863,1
5,6,18874,18886,12
5,6,18893,19101,208
5,6,20319,20325,6
5,6,20327,20346,19
5,6,20351,20353,2
5,6,20372,20396,24
5,6,20511,20514,3
5,6,20521,20522,1
5,6,20553,20554,1
5,6,20631,20634,3
5,6,22794,22893,99
5,6,23301,23302,1
5,6,23304,23339,35
5,6,23355,23356,1
5,6,23366,23453,87
5,6,23455,23457,2
5,6,23459,23496,37
5,6,23545,23559,14
5,6,23561,23562,1
5,6,23606,23619,13
5,6,24277,24279,2
5,6,24290,24291,1
5,6,24312,24328,16
5,6,24331,24340,9
5,6,24343,24355,12
5,6,24357,24384,27
5,6,24425,24449,24
5,6,24457,24466,9
5,6,24492,24493,1
5,7,1,2,1
5,7,16,17,1
5,7,19,22,3
5,7,24,103,79
5,7,286,287,1
5,7,2862,2863,1
5,7,2865,2915,50
5,7,3144,3162,18
5,7,3175,3178,3
5,7,3578,3596,18
5,7,5803,6054,251
5,7,6057,6063,6
5,7,6065,6087,22
5,7,6089,6094,5
5,7,6105,6106,1
5,7,6154,6174,20
5,7,6186,6188,2
5,7,6193,6194,1
5,7,6199,6250,51
5,7,8977,9024,47
5,7,9037,9045,8
5,7,9064,9094,30
5,7,9098,9099,1
5,7,9103,9127,24
5,7,9142,9196,54
5,7,9198,9199,1
5,7,9207,9282,75
5,7,9284,9285,1
5,7,9287,9309,22
5,7,9836,9840,4
5,7,9843,9847,4
5,7,10377,10383,6
5,7,10414,10425,11
5,7,10483,10517,34
5,7,10526,10527,1
5,7,10668,10669,1
5,7,10744,10771,27
5,7,11257,11258,1
5,7,11266,11270,4
5,7,11272,11275,3
5,7,11277,11280,3
5,7,11288,11302,14
5,7,11315,11332,17
5,7,11342,11383,41
5,7,11385,11388,3
5,7,11599,11600,1
5,7,11612,11615,3
5,7,12364,12394,30
5,7,12414,12425,11
5,7,12437,12441,4
5,7,12559,12587,28
5,7,12595,12631,36
5,7,12641,12739,98
5,7,12855,12859,4
5,7,12867,12868,1
5,7,12921,12922,1
5,7,12925,12927,2
5,7,12932,12933,1
5,7,12935,13089,154
5,7,13093,13095,2
5,7,13098,13104,6
5,7,13112,13123,11
5,7,13139,13320,181
5,7,13325,13326,1
5,7,13342,13420,78
5,7,13447,13450,3
5,7,13474,13476,2
5,7,13481,13482,1
5,7,13493,13496,3
5,7,13501,13502,1
5,7,13520,13538,18
5,7,13540,13580,40
5,7,13584,13588,4
5,7,13608,13609,1
5,7,13611,13708,97
5,7,13710,13713,3
5,7,13717,13769,52
5,7,13782,13786,4
5,7,13839,13870,31
5,7,13872,13885,13
5,7,13887,13908,21
5,7,13960,13964,4
5,7,13976,13977,1
5,7,13979,13983,4
5,7,19114,19123,9
5,7,19145,19147,2
5,7,19151,19161,10
5,7,19224,19228,4
5,7,19238,19243,5
5,7,19379,19382,3
5,7,19385,19422,37
5,7,20279,20305,26
5,7,20307,20320,13
5,7,20322,20349,27
5,7,20352,20353,1
5,7,20404,20409,5
5,7,20424,20445,21
5,7,20658,20669,11
5,7,20674,20677,3
5,7,20702,20860,158
5,8,3533,3535,2
5,8,3553,3621,68
5,8,3623,3624,1
5,8,3628,3725,97
5,8,3837,3865,28
5,8,4661,4666,5
5,8,4673,4674,1
5,8,4677,4761,84
5,8,4769,4770,1
5,8,5019,5020,1
5,8,5028,5036,8
5,8,5045,5059,14
5,8,5062,5075,13
5,8,5096,5120,24
5,8,5125,5128,3
5,8,5131,5148,17
5,8,5150,5158,8
5,8,5165,5168,3
5,8,5170,5180,10
5,8,5243,5255,12
5,8,5257,5259,2
5,8,5262,5264,2
5,8,5880,5889,9
5,8,5896,5933,37
5,8,5935,5936,1
5,8,5944,5948,4
5,8,5951,5954,3
5,8,5956,5965,9
5,8,6139,6140,1
5,8,6143,6146,3
5,8,6148,6153,5
5,8,6206,6251,45
5,8,7768,7770,2
5,8,7774,7787,13
5,8,18996,18997,1
5,8,19002,19003,1
5,8,19013,19023,10
5,8,20496,20497,1
5,8,20868,20902,34
5,8,20909,20920,11
5,8,20924,20983,59
5,8,20985,21085,100
5,8,21096,21098,2
5,8,21100,21101,1
5,8,21107,21120,13
5,8,21397,21646,249
5,8,21649,21659,10
5,8,21667,21669,2
5,8,21676,21677,1
5,8,21721,21723,2
5,8,21725,21726,1
5,8,21729,21735,6
5,8,21737,21754,17
5,8,21770,21771,1
5,8,21776,21777,1
5,8,21780,21872,92
5,8,21876,21896,20
5,8,21937,21941,4
5,8,21943,21944,1
5,8,21946,21973,27
5,8,21988,22033,45
5,8,22516,22520,4
5,8,22524,22528,4
5,8,22534,22564,30
5,8,22581,22682,101
5,8,22704,22708,4
5,8,22713,22715,2
5,8,22744,22745,1
5,8,22761,22762,1
5,8,22781,22787,6
5,8,23255,23291,36
5,8,23298,23307,9
5,8,23311,23332,21
5,8,23642,23670,28
5,8,24573,24672,99
5,8,24693,24709,16
5,8,24716,24718,2
5,8,24725,24750,25
5,8,24754,24755,1
5,8,28212,28214,2
5,8,28221,28257,36
5,8,28263,28272,9
5,8,28274,28287,13
5,8,28294,28298,4
5,8,28318,28326,8
5,8,28328,28354,26
5,8,28357,28358,1
5,8,28362,28387,25
5,8,28389,28413,24
5,8,28522,28524,2
5,8,28527,28584,57
5,8,28590,28592,2
5,9,3265,3269,4
5,9,3324,3371,47
5,9,3373,3392,19
5,9,3395,3428,33
5,9,3439,3470,31
5,9,3510,3532,22
5,9,3537,3542,5
5,9,3545,3565,20
5,9,3568,3590,22
5,9,3592,3594,2
5,9,3746,3797,51
5,9,3801,3805,4
5,9,4163,4223,60
5,9,4786,4792,6
5,9,4888,4959,71
5,9,4963,4999,36
5,9,5002,5007,5
5,9,5034,5094,60
5,9,5104,5115,11
5,9,5132,5134,2
5,9,5320,5322,2
5,9,5813,5867,54
5,9,5911,5966,55
5,9,5969,5980,11
5,9,6000,6024,24
5,9,6047,6055,8
5,9,6058,6078,20
5,9,6132,6137,5
5,9,6144,6147,3
5,9,6152,6157,5
5,9,8133,8139,6
5,9,8494,8495,1
5,9,8500,8568,68
5,9,8579,8789,210
5,9,8857,8861,4
5,9,8865,8872,7
5,9,8874,8875,1
5,9,8951,8966,15
5,9,8975,8976,1
5,9,8978,8980,2
5,9,8983,9016,33
5,9,9038,9040,2
5,9,9042,9044,2
5,9,9071,9079,8
5,9,9089,9091,2
5,9,9095,9130,35
5,9,9163,9164,1
5,9,9200,9202,2
5,9,22377,22385,8
5,9,22391,22393,2
5,9,22411,22412,1
5,9,22548,22550,2
5,9,22552,22555,3
5,9,22608,22609,1
5,9,22611,22615,4
5,9,23306,23341,35
5,9,23343,23407,64
5,9,23410,23491,81
5,9,23494,23497,3
5,9,24210,24216,6
5,9,24220,24229,9
5,9,24231,24232,1
5,9,24269,24299,30
5,9,24318,24325,7
5,9,24327,24328,1
5,9,24398,24411,13
5,9,24415,24418,3
5,9,24421,24423,2
5,9,24450,24452,2
5,9,24456,24458,2
5,9,24475,24477,2
5,9,24492,24494,2
5,9,24500,24501,1
5,9,24512,24527,15
5,9,24529,24530,1
5,9,26260,26263,3
5,9,26300,26360,60
5,9,26366,26367,1
5,9,27553,27566,13
5,9,27569,27575,6
5,9,27581,27586,5
5,9,27595,27596,1
5,10,637,640,3
5,10,4471,4483,12
5,10,4490,4491,1
5,10,4497,4501,4
5,10,5714,5716,2
5,10,5819,5835,16
5,10,5893,5907,14
5,10,6324,6333,9
5,10,6335,6343,8
5,10,6345,6348,3
5,10,6363,6414,51
5,10,6777,6784,7
5,10,6883,6887,4
5,10,9249,9335,86
5,10,9338,9432,94
5,10,9501,9502,1
5,10,9539,9548,9
5,10,9551,9552,1
5,10,9571,9611,40
5,10,9676,9677,1
5,10,9681,9716,35
5,10,10232,10235,3
5,10,10242,10243,1
5,10,18657,18661,4
5,10,18666,18687,21
5,10,18798,18807,9
5,10,18838,18841,3
5,10,18856,18918,62
5,10,18921,18923,2
5,10,18952,18975,23
5,10,18977,18990,13
5,10,18998,19015,17
5,10,19021,19022,1
5,10,19059,19063,4
5,10,19065,19140,75
5,10,19546,19556,10
5,10,19562,19565,3
5,10,19581,19603,22
5,10,19615,19622,7
5,10,19628,19631,3
5,10,19633,19635,2
5,10,19664,19679,15
5,10,19911,19913,2
5,10,20535,20538,3
5,10,26700,26701,1
5,10,26717,26727,10
5,10,26747,26788,41
5,10,26791,26800,9
5,10,26805,26809,4
5,10,26830,26831,1
5,10,26837,26865,28
5,10,26876,26877,1
5,10,26880,26908,28
5,10,26919,26923,4
5,10,26948,26952,4
5,10,26967,27078,111
5,10,27083,27086,3
5,10,27115,27128,13
5,10,27156,27158,2
5,10,27953,27954,1
5,10,28054,28058,4
5,10,28092,28093,1
5,10,28095,28104,9
5,11,3866,3892,26
5,11,3898,3905,7
5,11,3910,3916,6
5,11,3944,3993,49
5,11,3999,4002,3
5,11,4004,4054,50
5,11,4056,4061,5
5,11,4063,4069,6
5,11,4076,4087,11
5,11,4118,4120,2
5,11,4122,4124,2
5,11,4137,4139,2
5,11,4888,4897,9
5,11,5864,5886,22
5,11,5888,5891,3
5,11,5933,5942,9
5,11,5945,5946,1
5,11,5949,5955,6
5,11,5969,6015,46
5,11,6017,6018,1
5,11,6020,6036,16
5,11,6038,6055,17
5,11,6064,6096,32
5,11,6120,6163,43
5,11,6166,6167,1
5,11,6344,6358,14
5,11,6364,6368,4
5,11,7316,7355,39
5,11,7358,7360,2
5,11,7368,7382,14
5,11,7384,7473,89
5,11,7476,7477,1
5,11,7479,7481,2
5,11,7483,7500,17
5,11,7523,7525,2
5,11,7531,7537,6
5,11,7759,7761,2
5,11,7767,7778,11
5,11,7821,7882,61
5,11,7884,7900,16
5,11,7909,7934,25
5,11,8048,8050,2
5,11,12827,12854,27
5,11,12863,12864,1
5,11,12866,12900,34
5,11,12934,12935,1
5,11,12978,12980,2
5,11,12982,12983,1
5,11,13039,13053,14
5,11,13078,13079,1
5,11,13089,13092,3
5,11,13100,13101,1
5,11,13103,13106,3
5,11,13112,13119,7
5,11,13121,13126,5
5,11,13142,13146,4
5,11,13169,13183,14
5,11,13185,13187,2
5,11,13217,13221,4
5,11,13223,13246,23
5,11,13285,13288,3
5,11,13298,13303,5
5,11,13349,13352,3
5,11,13492,13496,4
5,11,14233,14238,5
5,11,14247,14268,21
5,11,14271,14275,4
5,11,18770,18774,4
5,11,18783,18817,34
5,11,18822,18824,2
5,11,18829,18833,4
5,11,18836,18892,56
5,11,18900,18906,6
5,11,18910,18911,1
5,11,18916,18918,2
5,11,19047,19084,37
5,11,23590,23591,1
5,11,24210,24225,15
5,11,24236,24245,9
5,11,24249,24257,8
5,11,24264,24265,1
5,11,24268,24285,17
5,11,24288,24299,11
5,11,24327,24329,2
5,11,24331,24332,1
5,11,24367,24369,2
5,11,24400,24404,4
5,11,24408,24432,24
5,11,24440,24442,2
5,11,24444,24446,2
5,11,24448,24449,1
5,11,24475,24491,16
5,11,24707,24709,2
5,11,24716,24719,3
5,11,24721,24722,1
5,11,24725,24726,1
5,11,24728,24734,6
5,11,24740,24741,1
5,11,25153,25164,11
5,11,25929,25936,7
5,11,25958,25965,7
5,11,25984,25989,5
5,11,26013,26015,2
5,11,26203,26214,11
5,11,26216,26245,29
5,11,26315,26325,10
5,11,26333,26337,4
5,11,26351,26352,1
5,11,27066,27067,1
5,11,27071,27170,99
5,11,27175,27199,24
5,11,27206,27209,3
5,11,27214,27286,72
5,11,27291,27301,10
5,11,27334,27341,7
5,11,27758,27759,1
5,11,27988,27992,4
5,11,27997,28081,84
5,12,3731,3773,42
5,12,3788,3801,13
5,12,3942,3946,4
5,12,6837,6895,58
5,12,6902,6903,1
5,12,6913,6914,1
5,12,6929,6930,1
5,12,6932,6945,13
5,12,6947,6954,7
5,12,6956,6958,2
5,12,7019,7071,52
5,12,7152,7154,2
5,12,7156,7158,2
5,12,7373,7377,4
5,12,7379,7380,1
5,12,7382,7383,1
5,12,7385,7386,1
5,12,7388,7425,37
5,12,7427,7428,1
5,12,7430,7436,6
5,12,7466,7467,1
5,12,7469,7470,1
5,12,7472,7492,20
5,12,7495,7509,14
5,12,7512,7525,13
5,12,7529,7534,5
5,12,7549,7552,3
5,12,7562,7596,34
5,12,7603,7607,4
5,12,8302,8308,6
5,12,9541,9550,9
5,12,19843,19868,25
5,12,20271,20438,167
5,12,20474,20498,24
5,12,20504,20506,2
5,12,20523,20526,3
5,12,20530,20548,18
5,12,20573,20614,41
5,12,20616,20617,1
5,12,20621,20655,34
5,12,22628,22670,42
5,12,22889,23016,127
5,12,23327,23376,49
5,12,23412,23423,11
5,12,23433,23453,20
5,12,28669,28670,1
6,7,5538,5596,58
6,7,5689,5691,2
6,7,5697,5699,2
6,7,5712,5730,18
6,7,5736,5741,5
6,7,5856,5933,77
6,7,5979,5981,2
6,7,5999,6000,1
6,7,6149,6192,43
6,7,6196,6198,2
6,7,13037,13042,5
6,7,13044,13068,24
6,7,13082,13085,3
6,7,13087,13088,1
6,7,13179,13183,4
6,7,13942,13994,52
6,7,14074,14082,8
6,7,14084,14104,20
6,7,14106,14113,7
6,7,14116,14131,15
6,7,14141,14160,19
6,7,14162,14175,13
6,7,14178,14179,1
6,7,15436,15437,1
6,7,15456,15458,2
6,7,15479,15481,2
6,7,15487,15490,3
6,7,15776,15779,3
6,7,21574,21575,1
6,7,21578,21579,1
6,7,21597,21598,1
6,7,21602,21613,11
6,7,21615,21616,1
6,7,21621,21695,74
6,7,21728,21887,159
6,7,22246,22253,7
6,7,22266,22289,23
6,7,22293,22296,3
6,7,22660,22663,3
6,7,22666,22679,13
6,7,22682,22695,13
6,7,22701,22724,23
6,7,22726,22727,1
6,7,22731,22737,6
6,7,24577,24657,80
6,7,24659,24662,3
6,7,24664,24691,27
6,7,24696,24764,68
6,7,24766,24767,1
6,7,24770,24812,42
6,7,24847,24851,4
6,7,24860,24907,47
6,7,25137,25265,128
6,7,25267,25283,16
6,8,445,453,8
6,8,466,467,1
6,8,473,482,9
6,8,488,489,1
6,8,5220,5228,8
6,8,5233,5237,4
6,8,5239,5268,29
6,8,5270,5271,1
6,8,5278,5284,6
6,8,5286,5334,48
6,8,5463,5464,1
6,8,5466,5467,1
6,8,5482,5483,1
6,8,5499,5501,2
6,8,5503,5514,11
6,8,5609,5741,132
6,8,5745,5755,10
6,8,5769,5772,3
6,8,5825,5839,14
6,8,5845,6042,197
6,8,6153,6267,114
6,8,6269,6278,9
6,8,6311,6317,6
6,8,7198,7199,1
6,8,7246,7251,5
6,8,7254,7257,3
6,8,7263,7296,33
6,8,7318,7415,97
6,8,7425,7432,7
6,8,7439,7441,2
6,8,7444,7450,6
6,8,7464,7469,5
6,8,7496,7497,1
6,8,7514,7549,35
6,8,8013,8017,4
6,8,8119,8120,1
6,8,8122,8123,1
6,8,8160,8161,1
6,8,8163,8170,7
6,8,8174,8183,9
6,8,8428,8447,19
6,8,8593,8625,32
6,8,8631,8641,10
6,8,8644,8646,2
6,8,8650,8652,2
6,8,8655,8656,1
6,8,8785,8790,5
6,8,8792,8866,74
6,8,8869,8870,1
6,8,8880,8899,19
6,8,8935,8936,1
6,8,9163,9176,13
6,8,9423,9426,3
6,8,9428,9430,2
6,8,9439,9453,14
6,8,9455,9506,51
6,8,9508,9518,10
6,8,9817,9862,45
6,8,9903,9908,5
6,8,9963,9968,5
6,8,10208,10209,1
6,8,10334,10351,17
6,8,10353,10393,40
6,8,10400,10411,11
6,8,10435,10442,7
6,8,12107,12136,29
6,8,12142,12155,13
6,8,12157,12159,2
6,8,12242,12328,86
6,8,12332,12339,7
6,8,12352,12360,8
6,8,12362,12371,9
6,8,22738,22743,5
6,8,22752,22757,5
6,8,22759,22761,2
6,8,24533,24539,6
6,8,24554,24580,26
6,8,24868,24878,10
6,8,25719,25720,1
6,8,25733,25826,93
6,8,25828,25850,22
6,8,25875,25877,2
6,8,25889,25891,2
6,8,25897,25907,10
6,8,25911,25914,3
6,8,25985,25995,10
6,8,25997,26003,6
6,8,26010,26012,2
6,8,26498,26509,11
6,8,26527,26531,4
6,8,26533,26551,18
6,9,4916,5046,130
6,9,5437,5441,4
6,9,5579,5586,7
6,9,5594,5595,1
6,9,5606,5610,4
6,9,5651,5652,1
6,9,5655,5657,2
6,9,5659,5661,2
6,9,5670,5742,72
6,9,5842,5844,2
6,9,5911,5940,29
6,9,5942,5943,1
6,9,5956,5958,2
6,9,10225,10338,113
6,9,10350,10352,2
6,9,10425,10429,4
6,9,10431,10432,1
6,9,10449,10451,2
6,9,10459,10460,1
6,9,10466,10475,9
6,9,11525,11528,3
6,9,11533,11539,6
6,9,12026,12029,3
6,9,12031,12032,1
6,9,21937,21941,4
6,9,21988,22082,94
6,9,22092,22094,2
6,9,22339,22365,26
6,9,22369,22372,3
6,9,23316,23337,21
6,9,23339,23341,2
6,9,23347,23351,4
6,9,23390,23394,4
6,9,23414,23443,29
6,9,23445,23468,23
6,9,23470,23486,16
6,9,23488,23497,9
6,9,23530,23531,1
6,9,23535,23542,7
6,9,23550,23552,2
6,9,23597,23603,6
6,9,23621,23624,3
6,9,23642,23644,2
6,9,23646,23648,2
6,9,23650,23682,32
6,9,23693,23694,1
6,9,23697,23698,1
6,9,24083,24121,38
6,9,24124,24136,12
6,9,24139,24277,138
6,9,24298,24306,8
6,9,24314,24315,1
6,10,365,421,56
6,10,423,425,2
6,10,428,429,1
6,10,5420,5450,30
6,10,5452,5464,12
6,10,5472,5474,2
6,10,5482,5486,4
6,10,5545,5557,12
6,10,5895,5907,12
6,10,5909,5918,9
6,10,6256,6283,27
6,10,6324,6328,4
6,10,6363,6372,9
6,10,6375,6388,13
6,10,6390,6393,3
6,10,6395,6440,45
6,10,6445,6463,18
6,10,6471,6494,23
6,10,6498,6501,3
6,10,6503,6506,3
6,10,18471,18498,27
6,10,18614,18615,1
6,10,18620,18695,75
6,10,18699,18702,3
6,10,18715,18719,4
6,10,18795,18863,68
6,10,18866,18867,1
6,10,18872,18918,46
6,10,18928,18930,2
6,10,18934,18987,53
6,10,18991,19034,43
6,10,19061,19063,2
6,10,19067,19069,2
6,10,19079,19082,3
6,10,19084,19131,47
6,10,19181,19215,34
6,10,19217,19358,141
6,10,19364,19365,1
6,10,19367,19368,1
6,10,19372,19400,28
6,10,19427,19448,21
6,10,19451,19577,126
6,10,19596,19624,28
6,10,19628,19630,2
6,10,19648,19651,3
6,10,20230,20292,62
6,10,20295,20334,39
6,10,20341,20382,41
6,10,20387,20407,20
6,10,20420,20421,1
6,10,20430,20432,2
6,10,20447,20457,10
6,10,20459,20469,10
6,10,20472,20478,6
6,10,20484,20499,15
6,10,20501,20517,16
6,10,20557,20596,39
6,10,20598,20605,7
6,10,20616,20621,5
6,10,20640,20641,1
6,10,20814,20816,2
6,10,20830,20834,4
6,10,20836,20849,13
6,10,20884,20907,23
6,10,24811,24860,49
6,10,25004,25041,37
6,10,25044,25045,1
6,10,25119,25126,7
6,10,25128,25130,2
6,10,25136,25199,63
6,10,25323,25397,74
6,10,25406,25418,12
6,10,25421,25422,1
6,10,25429,25456,27
6,10,25522,25526,4
6,10,25538,25561,23
6,10,25837,25842,5
6,10,25845,25846,1
6,10,25922,25923,1
6,10,25927,25928,1
6,10,25931,25960,29
6,10,25968,25969,1
6,10,25971,25978,7
6,10,25980,25981,1
6,10,25990,25991,1
6,10,26016,26134,118
6,10,26136,26137,1
6,10,26156,26166,10
6,10,26249,26319,70
6,10,26326,26327,1
6,11,30,36,6
6,11,40,41,1
6,11,43,56,13
6,11,60,144,84
6,11,149,153,4
6,11,169,170,1
6,11,174,192,18
6,11,195,228,33
6,11,232,242,10
6,11,244,257,13
6,11,260,299,39
6,11,303,319,16
6,11,321,331,10
6,11,333,339,6
6,11,347,348,1
6,11,354,364,10
6,11,368,379,11
6,11,397,421,24
6,11,586,589,3
6,11,591,740,149
6,11,762,764,2
6,11,2047,2048,1
6,11,2050,2051,1
6,11,2053,2056,3
6,11,2062,2082,20
6,11,4765,4766,1
6,11,4768,4819,51
6,11,4823,4824,1
6,11,4944,5017,73
6,11,5021,5035,14
6,11,5037,5063,26
6,11,5377,5379,2
6,11,5398,5399,1
6,11,5406,5408,2
6,11,5411,5420,9
6,11,5426,5429,3
6,11,5432,5438,6
6,11,5441,5444,3
6,11,5523,5536,13
6,11,5606,5628,22
6,11,5643,5644,1
6,11,5646,5649,3
6,11,5651,5658,7
6,11,5689,5691,2
6,11,5832,5833,1
6,11,5835,5836,1
6,11,5846,5849,3
6,11,5854,5878,24
6,11,5880,5883,3
6,11,10933,10939,6
6,11,10941,11061,120
6,11,11084,11162,78
6,11,11167,11320,153
6,11,11326,11380,54
6,11,11466,11468,2
6,11,11484,11485,1
6,11,11518,11519,1
6,11,11537,11543,6
6,11,11546,11548,2
6,11,11550,11551,1
6,11,11559,11565,6
6,11,11591,11694,103
6,11,11699,11700,1
6,11,11707,11711,4
6,11,11724,11730,6
6,11,11750,11853,103
6,11,11855,11857,2
6,11,11894,11895,1
6,11,11897,11902,5
6,11,11904,11907,3
6,11,11912,11915,3
6,11,11927,11947,20
6,11,11952,11953,1
6,11,11966,11969,3
6,11,12028,12030,2
6,11,12036,12042,6
6,11,12056,12083,27
6,11,12092,12137,45
6,11,12142,12150,8
6,11,12741,12743,2
6,11,12745,12763,18
6,11,12765,12768,3
6,11,12771,12780,9
6,11,13011,13024,13
6,11,13031,13082,51
6,11,13086,13088,2
6,11,13229,13232,3
6,11,13244,13247,3
6,11,13250,13275,25
6,11,13278,13343,65
6,11,13345,13346,1
6,11,13692,13693,1
6,11,13905,13908,3
6,11,13918,13950,32
6,11,13952,13956,4
6,11,16949,16950,1
6,11,16954,16955,1
6,11,17022,17023,1
6,11,17032,17043,11
6,11,17121,17124,3
6,11,17128,17153,25
6,11,17315,17319,4
6,11,17321,17322,1
6,11,18734,18763,29
6,11,18765,18768,3
6,11,18770,18776,6
6,11,18779,18781,2
6,11,18783,18855,72
6,11,18973,18975,2
6,11,19004,19005,1
6,11,19011,19014,3
6,11,19022,19106,84
6,11,19128,19137,9
6,11,19140,19141,1
6,11,19145,19215,70
6,11,19219,19220,1
6,11,19222,19224,2
6,11,19633,19645,12
6,11,19809,19893,84
6,11,19899,19910,11
6,11,19912,19921,9
6,11,19925,19928,3
6,11,19930,19933,3
6,11,19935,19990,55
6,11,19992,20001,9
6,11,20143,20144,1
6,11,20146,20147,1
6,11,20162,20166,4
6,11,20184,20185,1
6,11,20190,20192,2
6,11,23632,23663,31
6,11,23999,24021,22
6,11,24023,24047,24
6,11,24092,24124,32
6,11,24128,24130,2
6,11,24141,24217,76
6,11,24224,24292,68
6,11,24333,24335,2
6,11,28090,28114,24
6,11,28120,28121,1
6,11,28138,28139,1
6,11,28163,28165,2
6,12,1252,1349,97
6,12,7683,7689,6
6,12,7694,7705,11
6,12,7707,7708,1
6,12,7712,7716,4
6,12,7749,7750,1
6,12,7771,7787,16
6,12,7789,7791,2
6,12,7793,7795,2
6,12,7798,7804,6
6,12,7806,7807,1
6,12,7811,7839,28
6,12,7847,7889,42
6,12,7893,7904,11
6,12,7985,8005,20
6,12,8056,8061,5
6,12,8067,8105,38
6,12,8107,8142,35
6,12,8144,8145,1
6,12,8242,8250,8
6,12,8294,8295,1
6,12,8303,8307,4
6,12,8320,8345,25
6,12,8448,8451,3
6,12,8468,8473,5
6,12,8475,8482,7
6,12,8486,8663,177
6,12,8726,8731,5
6,12,8756,8788,32
6,12,9793,9798,5
6,12,10407,10412,5
6,12,10421,10422,1
6,12,10442,10491,49
6,12,10526,10527,1
6,12,10540,10541,1
6,12,10545,10554,9
6,12,10676,10677,1
6,12,11112,11129,17
6,12,11534,11535,1
6,12,11537,11658,121
6,12,11662,11663,1
6,12,11685,11687,2
6,12,12282,12284,2
6,12,20346,20358,12
6,12,20368,20391,23
6,12,20417,20418,1
6,12,20420,20487,67
6,12,20518,20528,10
6,12,20530,20533,3
6,12,20641,20643,2
6,12,20652,20653,1
6,12,20655,20683,28
6,12,20689,20692,3
6,12,20829,20831,2
6,12,21854,21873,19
6,12,21877,21878,1
6,12,21895,21899,4
6,12,21978,21983,5
6,12,21989,21990,1
6,12,21993,22000,7
6,12,22011,22017,6
6,12,22022,22023,1
6,12,22083,22113,30
6,12,22124,22134,10
6,12,22138,22141,3
6,12,22143,22145,2
6,12,22147,22177,30
6,12,22180,22189,9
6,12,22192,22193,1
6,12,22195,22203,8
6,12,22208,22245,37
6,12,22252,22278,26
6,12,22290,22292,2
6,12,22298,22324,26
6,12,22326,22328,2
6,12,22386,22390,4
6,12,22393,22409,16
6,12,22411,22442,31
6,12,22445,22454,9
6,12,22457,22461,4
6,12,22464,22465,1
6,12,22471,22472,1
6,12,22586,22589,3
6,12,22724,22787,63
6,12,23054,23056,2
6,12,23059,23065,6
6,12,23097,23201,104
6,12,23205,23206,1
6,12,23208,23209,1
6,12,23219,23380,161
6,12,23384,23387,3
6,12,23410,23415,5
6,12,23421,23477,56
6,12,23481,23482,1
6,12,23488,23490,2
6,12,25004,25007,3
6,12,25009,25012,3
6,12,25014,25046,32
6,12,25049,25056,7
6,12,25069,25070,1
6,12,25072,25073,1
6,12,25091,25092,1
6,12,25135,25145,10
6,12,25152,25167,15
6,12,25169,25283,114
6,12,25306,25382,76
6,12,25398,25403,5
6,12,25406,25411,5
6,12,25413,25439,26
6,12,25470,25495,25
6,12,25497,25499,2
6,12,25520,25526,6
6,12,25575,25651,76
6,12,25655,25704,49
6,12,25862,25867,5
7,8,803,846,43
7,8,876,880,4
7,8,882,887,5
7,8,891,898,7
7,8,1056,1066,10
7,8,1346,1462,116
7,8,1464,1470,6
7,8,1472,1474,2
7,8,1803,1804,1
7,8,1807,1823,16
7,8,3678,3681,3
7,8,3713,3740,27
7,8,3993,4067,74
7,8,4095,4097,2
7,8,4106,4264,158
7,8,4272,4274,2
7,8,4284,4286,2
7,8,4288,4364,76
7,8,4395,4401,6
7,8,5339,5341,2
7,8,5344,5347,3
7,8,5349,5351,2
7,8,5368,5399,31
7,8,5449,5454,5
7,8,5456,5457,1
7,8,5469,5508,39
7,8,5513,5515,2
7,8,5517,5532,15
7,8,5668,5669,1
7,8,5675,5679,4
7,8,5690,5706,16
7,8,5712,5740,28
7,8,5891,5905,14
7,8,5907,5931,24
7,8,6027,6031,4
7,8,6033,6081,48
7,8,6084,6094,10
7,8,6096,6102,6
7,8,6125,6222,97
7,8,6225,6230,5
7,8,6236,6315,79
7,8,6317,6362,45
7,8,6429,6458,29
7,8,6526,6527,1
7,8,6529,6531,2
7,8,18782,18789,7
7,8,18791,18793,2
7,8,20257,20261,4
7,8,20360,20402,42
7,8,20424,20427,3
7,8,20430,20431,1
7,8,20454,20456,2
7,8,21103,21190,87
7,8,24719,24733,14
7,8,24748,24751,3
7,8,24768,24890,122
7,8,24909,24948,39
7,8,27417,27478,61
7,8,27484,27523,39
7,8,27526,27529,3
7,8,27533,27561,28
7,8,27568,27574,6
7,8,27663,27664,1
7,8,27671,27675,4
7,8,27684,27686,2
7,9,1218,1223,5
7,9,1227,1277,50
7,9,1303,1346,43
7,9,1762,1786,24
7,9,1788,1789,1
7,9,1799,1806,7
7,9,1810,1815,5
7,9,1838,1845,7
7,9,1850,1851,1
7,9,1853,1857,4
7,9,1962,1963,1
7,9,1973,1978,5
7,9,1986,2006,20
7,9,2015,2041,26
7,9,2044,2056,12
7,9,2058,2062,4
7,9,2081,2093,12
7,9,2191,2193,2
7,9,2195,2290,95
7,9,2305,2307,2
7,9,2319,2322,3
7,9,2334,2339,5
7,9,2341,2402,61
7,9,2483,2485,2
7,9,2501,2503,2
7,9,2521,2522,1
7,9,2525,2536,11
7,9,2563,2575,12
7,9,2580,2595,15
7,9,2603,2605,2
7,9,2607,2617,10
7,9,2685,2722,37
7,9,2725,2733,8
7,9,2741,2793,52
7,9,2795,2796,1
7,9,2814,2816,2
7,9,2818,2841,23
7,9,3210,3211,1
7,9,3213,3219,6
7,9,3253,3254,1
7,9,3272,3304,32
7,9,3504,3505,1
7,9,3518,3524,6
7,9,3544,3620,76
7,9,3664,3665,1
7,9,3672,3674,2
7,9,3676,3678,2
7,9,3680,3691,11
7,9,3698,3699,1
7,9,3703,3705,2
7,9,5686,5742,56
7,9,5752,5753,1
7,9,5755,5758,3
7,9,5763,5767,4
7,9,5769,5817,48
7,9,5819,5820,1
7,9,5824,5826,2
7,9,5831,5854,23
7,9,5861,5862,1
7,9,5910,5983,73
7,9,5985,5988,3
7,9,5994,6013,19
7,9,6016,6017,1
7,9,6461,6464,3
7,9,6508,6512,4
7,9,6515,6516,1
7,9,6583,6597,14
7,9,6602,6617,15
7,9,6622,6624,2
7,9,6627,6630,3
7,9,6891,6893,2
7,9,6900,6915,15
7,9,6918,6919,1
7,9,6927,6928,1
7,9,6963,6964,1
7,9,6996,7004,8
7,9,7026,7028,2
7,9,7030,7044,14
7,9,7595,7610,15
7,9,7616,7646,30
7,9,8317,8328,11
7,9,8330,8337,7
7,9,8356,8359,3
7,9,8369,8370,1
7,9,8373,8380,7
7,9,8989,8994,5
7,9,8996,9004,8
7,9,9006,9008,2
7,9,9010,9011,1
7,9,9103,9111,8
7,9,9114,9115,1
7,9,9117,9119,2
7,9,15882,15883,1
7,9,15912,15931,19
7,9,16794,16807,13
7,9,16812,16828,16
7,9,16832,16834,2
7,9,16854,16871,17
7,9,17089,17090,1
7,9,17092,17093,1
7,9,17099,17100,1
7,9,17140,17174,34
7,9,17176,17255,79
7,9,17259,17260,1
7,9,17281,17308,27
7,9,17310,17459,149
7,9,17466,17557,91
7,9,17569,17571,2
7,9,17573,17635,62
7,9,17752,17757,5
7,9,17759,17767,8
7,9,17785,17788,3
7,9,17811,17812,1
7,9,21004,21015,11
7,9,21020,21028,8
7,9,21039,21048,9
7,9,21059,21064,5
7,9,21070,21073,3
7,9,21096,21097,1
7,9,21117,21118,1
7,9,21120,21122,2
7,9,21124,21125,1
7,9,21128,21207,79
7,9,21220,21222,2
7,9,21231,21232,1
7,9,21248,21261,13
7,9,21274,21275,1
7,9,21284,21287,3
7,9,21317,21318,1
7,9,22209,22210,1
7,9,24805,24848,43
7,9,24850,24859,9
7,10,740,759,19
7,10,761,938,177
7,10,949,950,1
7,10,952,959,7
7,10,1106,1108,2
7,10,1119,1122,3
7,10,1230,1234,4
7,10,1240,1241,1
7,10,1887,1890,3
7,10,2418,2419,1
7,10,4067,4069,2
7,10,4071,4073,2
7,10,4075,4076,1
7,10,4085,4109,24
7,10,4169,4218,49
7,10,4234,4240,6
7,10,4311,4313,2
7,10,5108,5115,7
7,10,5117,5179,62
7,10,5262,5295,33
7,10,5299,5300,1
7,10,5306,5311,5
7,10,5503,5508,5
7,10,5516,5556,40
7,10,5566,5582,16
7,10,5584,5677,93
7,10,5681,5684,3
7,10,5706,5716,10
7,10,5718,5738,20
7,10,5741,5771,30
7,10,5782,5789,7
7,10,5795,5851,56
7,10,5894,5914,20
7,10,5916,5918,2
7,10,6241,6242,1
7,10,6247,6257,10
7,10,6354,6358,4
7,10,9260,9261,1
7,10,9263,9296,33
7,10,9310,9319,9
7,10,9327,9337,10
7,10,14241,14278,37
7,10,14281,14285,4
7,10,14324,14325,1
7,10,14327,14328,1
7,10,14943,14993,50
7,10,14996,15001,5
7,10,15903,15906,3
7,10,15908,15913,5
7,10,15915,15918,3
7,10,15921,15924,3
7,10,15927,15934,7
7,10,15940,15995,55
7,10,15997,16000,3
7,10,16002,16003,1
7,10,16005,16033,28
7,10,16038,16098,60
7,10,16112,16167,55
7,10,16366,16377,11
7,10,16384,16385,1
7,10,16533,16544,11
7,10,16547,16550,3
7,10,16560,16565,5
7,10,16585,16594,9
7,10,16597,16604,7
7,10,16669,16671,2
7,10,16838,16855,17
7,10,16871,16881,10
7,10,16887,16890,3
7,10,16892,16894,2
7,10,16905,16910,5
7,10,16933,17136,203
7,10,17148,17149,1
7,10,17185,17186,1
7,10,17189,17203,14
7,10,17205,17206,1
7,10,17286,17289,3
7,10,17296,17350,54
7,10,17352,17353,1
7,10,17357,17358,1
7,10,17366,17441,75
7,10,17443,17472,29
7,10,17508,17510,2
7,10,17512,17689,177
7,10,17694,17745,51
7,10,17811,17820,9
7,10,22427,22438,11
7,10,22445,22446,1
7,10,22764,22778,14
7,10,22781,22786,5
7,10,22788,22789,1
7,10,23348,23354,6
7,10,23356,23381,25
7,10,23384,23586,202
7,10,23608,23611,3
7,10,23613,23620,7
7,10,23664,23666,2
7,10,23720,23721,1
7,10,23773,23775,2
7,10,23898,23901,3
7,10,23960,23966,6
7,10,23980,23984,4
7,10,23987,24049,62
7,10,24051,24159,108
7,10,24168,24171,3
7,10,24183,24184,1
7,10,24212,24213,1
7,10,24313,24322,9
7,10,24325,24380,55
7,10,24394,24395,1
7,10,24397,24504,107
7,10,24515,24518,3
7,10,24523,24549,26
7,10,24554,24574,20
7,10,25093,25096,3
7,10,25117,25181,64
7,10,25196,25197,1
7,10,25203,25211,8
7,10,25216,25238,22
7,10,25240,25244,4
7,10,25271,25275,4
7,10,25420,25424,4
7,10,25482,25483,1
7,10,25486,25516,30
7,10,25518,25523,5
7,10,25527,25531,4
7,10,25899,25900,1
7,10,25902,25917,15
7,10,27289,27331,42
7,10,27351,27356,5
7,10,27397,27403,6
7,10,27416,27450,34
7,11,5673,5717,44
7,11,5877,5886,9
7,11,5932,6015,83
7,11,6038,6048,10
7,11,6067,6091,24
7,11,6119,6121,2
7,11,6125,6132,7
7,11,6135,6141,6
7,11,6156,6165,9
7,11,6279,6280,1
7,11,6334,6364,30
7,11,6369,6404,35
7,11,6406,6407,1
7,11,6411,6443,32
7,11,6446,6448,2
7,11,6450,6451,1
7,11,6466,6469,3
7,11,6478,6481,3
7,11,6570,6630,60
7,11,6669,6671,2
7,11,6681,6684,3
7,11,6715,6820,105
7,11,6909,6922,13
7,11,7555,7571,16
7,11,7600,7603,3
7,11,7615,7664,49
7,11,7681,7701,20
7,11,7715,7721,6
7,11,12974,12980,6
7,11,13081,13134,53
7,11,13141,13142,1
7,11,13145,13146,1
7,11,13155,13166,11
7,11,13171,13256,85
7,11,13258,13279,21
7,11,13360,13361,1
7,11,13370,13371,1
7,11,13426,13527,101
7,11,13530,13538,8
7,11,13557,13558,1
7,11,13730,13734,4
7,11,13737,13740,3
7,11,13984,14012,28
7,11,14021,14078,57
7,11,14081,14083,2
7,11,14088,14114,26
7,11,14173,14174,1
7,11,14182,14191,9
7,11,14193,14202,9
7,11,14205,14206,1
7,11,14796,14797,1
7,11,14836,14837,1
7,11,14840,14842,2
7,11,15002,15004,2
7,11,15007,15026,19
7,11,15037,15110,73
7,11,15115,15140,25
7,11,15142,15150,8
7,11,15170,15174,4
7,11,15176,15178,2
7,11,15180,15182,2
7,11,15184,15272,88
7,11,15274,15276,2
7,11,15359,15366,7
7,11,15375,15377,2
7,11,15383,15388,5
7,11,17256,17264,8
7,11,17902,17904,2
7,11,17933,17943,10
7,11,17946,17954,8
7,11,17957,17961,4
7,12,655,662,7
7,12,665,666,1
7,12,668,672,4
7,12,674,787,113
7,12,790,791,1
7,12,4064,4117,53
7,12,4120,4123,3
7,12,4266,4412,146
7,12,4449,4450,1
7,12,4454,4459,5
7,12,4462,4484,22
7,12,4487,4507,20
7,12,4509,4514,5
7,12,4518,4520,2
7,12,4525,4578,53
7,12,4580,4581,1
7,12,4594,4596,2
7,12,4612,4622,10
7,12,4631,4634,3
7,12,4639,4640,1
7,12,4649,4650,1
7,12,4652,4659,7
7,12,4667,4673,6
7,12,4784,4790,6
7,12,4801,4802,1
7,12,4807,4814,7
7,12,19880,19882,2
7,12,19901,19910,9
7,12,19945,20077,132
7,12,20081,20084,3
7,12,20088,20141,53
7,12,20147,20219,72
7,12,20273,20346,73
7,12,20397,20398,1
7,12,20400,20411,11
7,12,21236,21248,12
7,12,21250,21255,5
7,12,21260,21261,1
7,12,21293,21297,4
7,12,21299,21328,29
7,12,21358,21359,1
7,12,21377,21447,70
7,12,21450,21451,1
7,12,21460,21490,30
7,12,21498,21512,14
7,12,21515,21518,3
7,12,21536,21620,84
7,12,21699,21700,1
7,12,21703,21704,1
7,12,21845,21849,4
7,12,21851,21854,3
7,12,21856,21887,31
7,12,21890,21984,94
7,12,21986,21987,1
7,12,22077,22100,23
7,12,24096,24113,17
7,12,24123,24204,81
7,12,24236,24238,2
7,12,24240,24275,35
7,12,24294,24306,12
7,12,24308,24356,48
7,12,24368,24370,2
7,12,24372,24382,10
7,12,24460,24465,5
7,12,24501,24506,5
7,12,24510,24513,3
7,12,24531,24532,1
7,12,25029,25031,2
7,12,25045,25048,3
7,12,25050,25051,1
7,12,25058,25068,10
7,12,25070,25077,7
7,12,25079,25081,2
7,12,25095,25144,49
7,12,25158,25176,18
7,12,25178,25182,4
7,12,25199,25219,20
7,12,25221,25226,5
7,12,25230,25318,88
7,12,25535,25538,3
7,12,25541,25543,2
7,12,25545,25576,31
7,12,25581,25584,3
7,12,25590,25593,3
7,12,25671,25690,19
7,12,25692,25694,2
7,12,25904,25907,3
7,12,25913,25918,5
7,12,25920,25922,2
7,12,25928,25931,3
7,12,25934,25936,2
7,12,25939,25966,27
7,12,25976,26150,174
7,12,26153,26174,21
7,12,26184,26187,3
7,12,26191,26198,7
7,12,26207,26214,7
7,12,26243,26246,3
7,12,26250,26251,1
7,12,26286,26411,125
7,12,26415,26425,10
7,12,26443,26445,2
7,12,26448,26468,20
7,12,26490,26491,1
7,12,26509,26510,1
7,12,26514,26517,3
7,12,26521,26528,7
7,12,26533,26757,224
7,12,26759,26763,4
7,12,26770,26773,3
7,12,26775,26776,1
7,12,26998,26999,1
7,12,27002,27019,17
7,12,27054,27061,7
7,12,27065,27083,18
7,12,27143,27146,3
7,12,27149,27166,17
7,12,27169,27170,1
7,12,27172,27287,115
7,12,27302,27375,73
7,12,27383,27394,11
7,12,27399,27401,2
7,12,27410,27412,2
7,12,27414,27423,9
7,12,27922,27923,1
7,12,27936,27970,34
7,12,27982,28032,50
7,12,28034,28035,1
7,12,28047,28049,2
7,12,28053,28056,3
7,12,28058,28061,3
7,12,28081,28101,20
7,12,28213,28222,9
7,12,28238,28247,9
7,12,28251,28259,8
8,9,1551,1563,12
8,9,1567,1591,24
8,9,1602,1603,1
8,9,1606,1609,3
8,9,1615,1647,32
8,9,1662,1671,9
8,9,1718,1720,2
8,9,1725,1754,29
8,9,1758,1761,3
8,9,1768,1774,6
8,9,2726,2749,23
8,9,2806,2817,11
8,9,2826,2828,2
8,9,2830,2900,70
8,9,2904,2925,21
8,9,2935,2944,9
8,9,3583,3585,2
8,9,3781,3782,1
8,9,3791,3792,1
8,9,3985,3992,7
8,9,5039,5068,29
8,9,5668,5671,3
8,9,5675,5676,1
8,9,5690,5762,72
8,9,5919,5925,6
8,9,5927,5940,13
8,9,6703,6704,1
8,9,6715,6716,1
8,9,6721,6778,57
8,9,6781,6782,1
8,9,6850,6854,4
8,9,6859,6868,9
8,9,6882,6887,5
8,9,6908,6926,18
8,9,6935,6941,6
8,9,6958,6959,1
8,9,8970,8972,2
8,9,9037,9046,9
8,9,9049,9051,2
8,9,9057,9059,2
8,9,9185,9191,6
8,9,10207,10215,8
8,9,10496,10541,45
8,9,10663,10669,6
8,9,10675,10691,16
8,9,10696,10736,40
8,9,10738,10739,1
8,9,10741,10757,16
8,9,10765,10772,7
8,9,10793,10794,1
8,9,10797,10800,3
8,9,10892,10919,27
8,9,10942,10950,8
8,9,10955,10961,6
8,9,10963,10967,4
8,9,10969,11050,81
8,9,11078,11111,33
8,9,11130,11132,2
8,9,11141,11220,79
8,9,11223,11247,24
8,9,11252,11303,51
8,9,11309,11310,1
8,9,11724,11764,40
8,9,11936,11942,6
8,9,11945,11979,34
8,9,14503,14539,36
8,9,14557,14560,3
8,9,14792,14802,10
8,9,14841,14849,8
8,9,14882,14883,1
8,9,15055,15056,1
8,9,15116,15132,16
8,9,15230,15253,23
8,9,15285,15286,1
8,9,15308,15406,98
8,9,15419,15459,40
8,9,15462,15464,2
8,9,15472,15473,1
8,9,15477,15478,1
8,9,15484,15494,10
8,9,15497,15511,14
8,9,15793,15810,17
8,9,16115,16116,1
8,9,16118,16119,1
8,9,16152,16154,2
8,9,16157,16173,16
8,9,16180,16182,2
8,9,16197,16199,2
8,9,17958,17962,4
8,9,18104,18109,5
8,9,18118,18121,3
8,9,18146,18147,1
8,9,18154,18159,5
8,9,21095,21112,17
8,9,21116,21121,5
8,9,21130,21199,69
8,9,21240,21241,1
8,9,22493,22513,20
8,9,22519,22520,1
8,9,22525,22549,24
8,9,22988,22989,1
8,9,22993,22999,6
8,9,23001,23007,6
8,9,23315,23332,17
8,9,23336,23342,6
8,9,24647,24654,7
8,9,24751,24753,2
8,9,24756,24766,10
8,9,24786,24851,65
8,9,24856,24871,15
8,9,24940,24981,41
8,9,24983,24985,2
8,9,24992,25018,26
8,9,25021,25022,1
8,9,25027,25030,3
8,9,25032,25038,6
8,9,25041,25054,13
8,9,25060,25068,8
8,9,25074,25079,5
8,9,25159,25169,10
8,9,25171,25175,4
8,9,25189,25190,1
8,9,25206,25217,11
8,10,0,35,35
8,10,59,65,6
8,10,68,83,15
8,10,218,226,8
8,10,228,234,6
8,10,283,302,19
8,10,330,342,12
8,10,344,351,7
8,10,432,437,5
8,10,439,441,2
8,10,460,461,1
8,10,496,505,9
8,10,520,596,76
8,10,611,613,2
8,10,806,811,5
8,10,820,857,37
8,10,863,870,7
8,10,872,912,40
8,10,1046,1048,2
8,10,2788,2790,2
8,10,2793,2857,64
8,10,2865,2868,3
8,10,2949,2958,9
8,10,2961,2962,1
8,10,2965,2970,5
8,10,2989,2994,5
8,10,3003,3006,3
8,10,3008,3015,7
8,10,3017,3018,1
8,10,3037,3039,2
8,10,3042,3072,30
8,10,3088,3090,2
8,10,4106,4109,3
8,10,4114,4115,1
8,10,4117,4141,24
8,10,4149,4150,1
8,10,4154,4156,2
8,10,4160,4161,1
8,10,4163,4199,36
8,10,4204,4211,7
8,10,4230,4240,10
8,10,4252,4258,6
8,10,4263,4264,1
8,10,4266,4268,2
8,10,4306,4331,25
8,10,4359,4362,3
8,10,4367,4379,12
8,10,4383,4497,114
8,10,4813,4815,2
8,10,4820,4826,6
8,10,5327,5384,57
8,10,5387,5411,24
8,10,5427,5434,7
8,10,5487,5504,17
8,10,5668,5670,2
8,10,5915,5916,1
8,10,5926,5929,3
8,10,6111,6132,21
8,10,6226,6278,52
8,10,6295,6305,10
8,10,6312,6327,15
8,10,6337,6359,22
8,10,6383,6391,8
8,10,8301,8302,1
8,10,13566,13572,6
8,10,13595,13601,6
8,10,13606,13624,18
8,10,13637,13648,11
8,10,13650,13672,22
8,10,13687,13778,91
8,10,13785,13802,17
8,10,13805,13816,11
8,10,13818,13858,40
8,10,13870,13871,1
8,10,25831,25843,12
8,10,26219,26228,9
8,10,26350,26396,46
8,10,26398,26400,2
8,10,26510,26526,16
8,10,27170,27171,1
8,10,27182,27184,2
8,10,27187,27192,5
8,10,27194,27199,5
8,10,27322,27323,1
8,10,27334,27335,1
8,10,27337,27351,14
8,10,27369,27450,81
8,10,27452,27456,4
8,10,27524,27525,1
8,10,27595,27599,4
8,10,27610,27631,21
8,11,484,485,1
8,11,487,488,1
8,11,499,500,1
8,11,543,544,1
8,11,546,548,2
8,11,564,581,17
8,11,2644,2650,6
8,11,2656,2722,66
8,11,2728,2754,26
8,11,2757,2773,16
8,11,2775,2783,8
8,11,2785,2796,11
8,11,2800,2803,3
8,11,3521,3539,18
8,11,3547,3548,1
8,11,5664,5677,13
8,11,5692,5693,1
8,11,5696,5698,2
8,11,5735,5746,11
8,11,5802,5813,11
8,11,5820,5822,2
8,11,6088,6148,60
8,11,6159,6161,2
8,11,6230,6235,5
8,11,6239,6241,2
8,11,6247,6249,2
8,11,6263,6279,16
8,11,6294,6295,1
8,11,6301,6302,1
8,11,6323,6327,4
8,11,6329,6359,30
8,11,6363,6364,1
8,11,6368,6408,40
8,11,6411,6413,2
8,11,6415,6416,1
8,11,6432,6441,9
8,11,6450,6452,2
8,11,6498,6500,2
8,11,6524,6532,8
8,11,6534,6535,1
8,11,6726,6727,1
8,11,6732,6735,3
8,11,6765,6766,1
8,11,6906,6908,2
8,11,6948,6955,7
8,11,7047,7057,10
8,11,7076,7086,10
8,11,7094,7095,1
8,11,9531,9560,29
8,11,9562,9565,3
8,11,12053,12054,1
8,11,12102,12199,97
8,11,12526,12527,1
8,11,12529,12531,2
8,11,12533,12551,18
8,11,18731,18732,1
8,11,18739,18740,1
8,11,18743,18746,3
8,11,18753,18756,3
8,11,22180,22183,3
8,11,22186,22189,3
8,11,22199,22273,74
8,11,22300,22304,4
8,11,22315,22319,4
8,11,22324,22327,3
8,11,22366,22369,3
8,11,22372,22377,5
8,11,22379,22389,10
8,11,22429,22440,11
8,11,22442,22445,3
8,11,22457,22463,6
8,11,22465,22475,10
8,11,22478,22480,2
8,11,22482,22483,1
8,11,22485,22492,7
8,11,23459,23464,5
8,11,24468,24474,6
8,11,24648,24650,2
8,11,24659,24662,3
8,11,24665,24720,55
8,11,24742,24747,5
8,11,24750,24757,7
8,11,24759,24775,16
8,11,24777,24781,4
8,11,24787,24788,1
8,11,24797,24805,8
8,11,24807,24814,7
8,11,24828,24833,5
8,11,24962,24968,6
8,11,24985,24989,4
8,11,24995,25002,7
8,11,28746,28747,1
8,12,24,66,42
8,12,68,156,88
8,12,161,170,9
8,12,174,175,1
8,12,177,220,43
8,12,224,230,6
8,12,232,280,48
8,12,289,361,72
8,12,519,529,10
8,12,531,532,1
8,12,537,538,1
8,12,550,558,8
8,12,568,572,4
8,12,597,598,1
8,12,843,847,4
8,12,850,851,1
8,12,862,875,13
8,12,879,886,7
8,12,1170,1175,5
8,12,3016,3022,6
8,12,3051,3065,14
8,12,3067,3072,5
8,12,3078,3102,24
8,12,3138,3141,3
8,12,3147,3148,1
8,12,3163,3174,11
8,12,3180,3189,9
8,12,4128,4131,3
8,12,4289,4324,35
8,12,4326,4335,9
8,12,4345,4358,13
8,12,4383,4403,20
8,12,4425,4427,2
8,12,4429,4438,9
8,12,4440,4468,28
8,12,4473,4486,13
8,12,5794,5808,14
8,12,7918,7990,72
8,12,7993,8007,14
8,12,8592,8613,21
8,12,8617,8624,7
8,12,8631,8648,17
8,12,8654,8655,1
8,12,9015,9111,96
8,12,9117,9146,29
8,12,9153,9157,4
8,12,9202,9243,41
8,12,9607,9608,1
8,12,9613,9676,63
8,12,9692,9701,9
8,12,9705,9833,128
8,12,9835,9848,13
8,12,9855,9879,24
8,12,9881,9967,86
8,12,10111,10127,16
8,12,10135,10136,1
8,12,10138,10142,4
8,12,10144,10185,41
8,12,10298,10334,36
8,12,10336,10340,4
8,12,10344,10354,10
8,12,10369,10383,14
8,12,10390,10414,24
8,12,10737,10739,2
8,12,12309,12311,2
8,12,12313,12347,34
8,12,12362,12370,8
8,12,12373,12376,3
8,12,13810,13814,4
8,12,13816,13819,3
8,12,13836,13837,1
8,12,13842,13843,1
8,12,14469,14470,1
8,12,14530,14531,1
8,12,14534,14535,1
8,12,14537,14538,1
8,12,14784,14840,56
8,12,14847,15033,186
8,12,15036,15038,2
8,12,15047,15048,1
8,12,15057,15060,3
8,12,15151,15152,1
8,12,15158,15159,1
8,12,15339,15341,2
8,12,15349,15417,68
8,12,15474,15499,25
8,12,15504,15543,39
8,12,15548,15570,22
8,12,15606,15729,123
8,12,15731,15732,1
8,12,15793,15859,66
8,12,15863,15865,2
8,12,15877,15880,3
8,12,15882,15919,37
8,12,15935,15938,3
8,12,16143,16150,7
8,12,16173,16179,6
8,12,16183,16185,2
8,12,16189,16190,1
8,12,16192,16199,7
8,12,16218,16220,2
8,12,19678,19708,30
8,12,19719,19720,1
8,12,19734,19754,20
8,12,19756,19761,5
8,12,19798,19807,9
8,12,19835,19838,3
8,12,20485,20529,44
8,12,20553,20558,5
8,12,20562,20563,1
8,12,20611,20622,11
8,12,21170,21227,57
8,12,21258,21261,3
8,12,22638,22701,63
8,12,22704,22776,72
8,12,25875,25880,5
8,12,25882,25885,3
8,12,27121,27122,1
8,12,27130,27194,64
8,12,27654,27655,1
8,12,27707,27727,20
8,12,27730,27733,3
8,12,27752,27761,9
8,12,27764,27873,109
8,12,28595,28656,61
8,12,28659,28702,43
8,12,28706,28743,37
9,10,910,911,1
9,10,913,917,4
9,10,939,941,2
9,10,1039,1041,2
9,10,1056,1062,6
9,10,1069,1076,7
9,10,1092,1103,11
9,10,1112,1113,1
9,10,1116,1170,54
9,10,1191,1230,39
9,10,1239,1244,5
9,10,1253,1257,4
9,10,1283,1285,2
9,10,1287,1304,17
9,10,2118,2119,1
9,10,2121,2132,11
9,10,2134,2198,64
9,10,2408,2410,2
9,10,2415,2420,5
9,10,2422,2434,12
9,10,2436,2444,8
9,10,2448,2450,2
9,10,2458,2459,1
9,10,2797,2818,21
9,10,2846,2849,3
9,10,5372,5373,1
9,10,5376,5379,3
9,10,5381,5396,15
9,10,5419,5420,1
9,10,5428,5432,4
9,10,5434,5442,8
9,10,5448,5471,23
9,10,5475,5482,7
9,10,5914,5915,1
9,10,6166,6212,46
9,10,12428,12431,3
9,10,12434,12446,12
9,10,12458,12496,38
9,10,12519,12625,106
9,10,12630,12649,19
9,10,12712,12713,1
9,10,12736,12742,6
9,10,12744,12745,1
9,10,12747,12778,31
9,10,12811,12813,2
9,10,12817,12828,11
9,10,12853,12854,1
9,10,17256,17258,2
9,10,17261,17289,28
9,10,17302,17303,1
9,10,17310,17313,3
9,10,17315,17318,3
9,10,17322,17422,100
9,10,17424,17427,3
9,10,17430,17433,3
9,10,17437,17441,4
9,10,17492,17504,12
9,10,17510,17520,10
9,10,17526,17534,8
9,10,17538,17643,105
9,10,17678,17680,2
9,10,17702,17704,2
9,10,17717,17719,2
9,10,17736,17854,118
9,10,17859,17867,8
9,10,18043,18045,2
9,10,28339,28371,32
9,10,28373,28377,4
9,10,28379,28384,5
9,10,28388,28389,1
9,10,28431,28506,75
9,10,28508,28509,1
9,11,4446,4449,3
9,11,4484,4537,53
9,11,4539,4564,25
9,11,4673,4674,1
9,11,4763,4764,1
9,11,4782,4783,1
9,11,4880,4909,29
9,11,4921,4930,9
9,11,4944,4951,7
9,11,4953,5049,96
9,11,5481,5486,5
9,11,5506,5509,3
9,11,5512,5513,1
9,11,5516,5517,1
9,11,5520,5536,16
9,11,5539,5626,87
9,11,5628,5632,4
9,11,5634,5643,9
9,11,5652,5704,52
9,11,5707,5725,18
9,11,5727,5728,1
9,11,5736,5737,1
9,11,5740,5749,9
9,11,5752,5753,1
9,11,5756,5761,5
9,11,5774,5778,4
9,11,5794,5801,7
9,11,5806,5830,24
9,11,5834,5835,1
9,11,5842,5897,55
9,11,5910,5911,1
9,11,5945,5947,2
9,11,5957,5976,19
9,11,5995,6079,84
9,11,6143,6178,35
9,11,6561,6658,97
9,11,6676,6682,6
9,11,6686,6709,23
9,11,6866,6888,22
9,11,6897,6948,51
9,11,7094,7110,16
9,11,7508,7510,2
9,11,7608,7650,42
9,11,7653,7683,30
9,11,7699,7716,17
9,11,21797,21800,3
9,11,22610,22645,35
9,11,22676,22677,1
9,11,22688,22697,9
9,11,22701,22702,1
9,11,22709,22790,81
9,11,22804,22834,30
9,11,22847,22857,10
9,11,22860,22863,3
9,11,22896,22902,6
9,11,22904,22996,92
9,11,23000,23002,2
9,11,23176,23178,2
9,11,23181,23198,17
9,11,23200,23204,4
9,11,23234,23238,4
9,11,23240,23241,1
9,11,23243,23246,3
9,11,23248,23253,5
9,11,23658,23659,1
9,11,23688,23736,48
9,11,23916,23921,5
9,11,24097,24119,22
9,11,24124,24125,1
9,11,24131,24345,214
9,11,24372,24374,2
9,11,24390,24438,48
9,11,24440,24446,6
9,11,24646,24658,12
9,11,24663,24695,32
9,11,24711,24712,1
9,11,24717,24721,4
9,11,24724,24766,42
9,11,24777,24779,2
9,11,24783,24836,53
9,11,25005,25007,2
9,11,25017,25018,1
9,11,25091,25103,12
9,11,25105,25117,12
9,11,25338,25340,2
9,11,25620,25630,10
9,11,25632,25663,31
9,11,26004,26006,2
9,11,26027,26088,61
9,11,26306,26307,1
9,11,26309,26310,1
9,11,26312,26359,47
9,11,26378,26383,5
9,11,26385,26387,2
9,11,26392,26393,1
9,11,26396,26402,6
9,11,26404,26433,29
9,11,26435,26438,3
9,11,26443,26514,71
9,11,26516,26520,4
9,11,26522,26525,3
9,11,26542,26561,19
9,11,26572,26686,114
9,11,26691,26692,1
9,11,26694,26699,5
9,11,26705,26710,5
9,11,26723,26745,22
9,11,26755,26804,49
9,11,26834,26838,4
9,11,26863,26894,31
9,11,26896,26912,16
9,12,3628,3635,7
9,12,3713,3721,8
9,12,3745,3754,9
9,12,3756,3764,8
9,12,3811,3824,13
9,12,3850,3867,17
9,12,3876,3989,113
9,12,3999,4019,20
9,12,8734,8735,1
9,12,8792,8801,9
9,12,8805,8814,9
9,12,8818,8836,18
9,12,8838,8855,17
9,12,9048,9055,7
9,12,9065,9066,1
9,12,9158,9162,4
9,12,9232,9263,31
9,12,9266,9267,1
9,12,9272,9275,3
9,12,9281,9307,26
9,12,9309,9316,7
9,12,9320,9396,76
9,12,9398,9410,12
9,12,9415,9436,21
9,12,10617,10621,4
9,12,10623,10624,1
9,12,11334,11335,1
9,12,11340,11344,4
9,12,11349,11350,1
9,12,11404,11405,1
9,12,11409,11422,13
9,12,11424,11488,64
9,12,11490,11492,2
9,12,11494,11497,3
9,12,11504,11505,1
9,12,12413,12453,40
9,12,12456,12468,12
9,12,12509,12642,133
9,12,12646,12760,114
9,12,12779,12819,40
9,12,12822,12827,5
9,12,12830,12934,104
9,12,12942,13001,59
9,12,13013,13025,12
9,12,13027,13028,1
9,12,13038,13041,3
9,12,13147,13154,7
9,12,13157,13256,99
9,12,13356,13390,34
9,12,14531,14620,89
9,12,14647,14703,56
9,12,14719,14722,3
9,12,14792,14813,21
9,12,14970,14972,2
9,12,14974,14975,1
9,12,15142,15144,2
9,12,15146,15148,2
9,12,15162,15227,65
9,12,15273,15278,5
9,12,15282,15288,6
9,12,15297,15298,1
9,12,15300,15309,9
9,12,15316,15317,1
9,12,15363,15399,36
9,12,15402,15404,2
9,12,15729,15730,1
9,12,15744,15746,2
9,12,15798,15829,31
9,12,18795,18796,1
9,12,18798,18800,2
9,12,18830,18852,22
9,12,18995,19005,10
9,12,19010,19013,3
9,12,19240,19241,1
9,12,19244,19254,10
9,12,21122,21125,3
9,12,21135,21144,9
9,12,21147,21149,2
9,12,21173,21182,9
9,12,21184,21301,117
9,12,21311,21382,71
9,12,21435,21439,4
9,12,21514,21515,1
9,12,21517,21518,1
9,12,21794,21807,13
9,12,21818,21820,2
9,12,21831,21832,1
9,12,21997,21999,2
9,12,23328,23341,13
9,12,23343,23387,44
9,12,23398,23421,23
9,12,23431,23432,1
9,12,23434,23450,16
10,11,405,431,26
10,11,434,485,51
10,11,491,554,63
10,11,1585,1587,2
10,11,1665,1669,4
10,11,1671,1673,2
10,11,1677,1692,15
10,11,1694,1697,3
10,11,1918,1921,3
10,11,1961,1962,1
10,11,1964,1991,27
10,11,2015,2016,1
10,11,2437,2440,3
10,11,2445,2524,79
10,11,2552,2556,4
10,11,2561,2567,6
10,11,2585,2621,36
10,11,5467,5469,2
10,11,6097,6107,10
10,11,6111,6125,14
10,11,6162,6164,2
10,11,6166,6197,31
10,11,6203,6278,75
10,11,6285,6368,83
10,11,8573,8576,3
10,11,8582,8583,1
10,11,8653,8659,6
10,11,11391,11393,2
10,11,11395,11415,20
10,11,11417,11420,3
10,11,14370,14427,57
10,11,14431,14433,2
10,11,14435,14437,2
10,11,14439,14442,3
10,11,14448,14513,65
10,11,14517,14518,1
10,11,15394,15397,3
10,11,15403,15434,31
10,11,15516,15525,9
10,11,15529,15531,2
10,11,15537,15552,15
10,11,18769,18771,2
10,11,18773,18788,15
10,11,18790,18945,155
10,11,18966,18967,1
10,11,18971,19036,65
10,11,21162,21167,5
10,11,21178,21195,17
10,11,27063,27064,1
10,11,27095,27096,1
10,11,27100,27101,1
10,12,49,51,2
10,12,61,76,15
10,12,106,116,10
10,12,567,582,15
10,12,721,723,2
10,12,739,749,10
10,12,1605,1608,3
10,12,1691,1711,20
10,12,1735,1740,5
10,12,1742,1745,3
10,12,1777,1782,5
10,12,2064,2077,13
10,12,2677,2686,9
10,12,2688,2691,3
10,12,2697,2698,1
10,12,2700,2706,6
10,12,2725,2787,62
10,12,2919,2924,5
10,12,2929,2930,1
10,12,2975,2978,3
10,12,2997,3152,155
10,12,3184,3327,143
10,12,3329,3331,2
10,12,3335,3341,6
10,12,3380,3383,3
10,12,3385,3443,58
10,12,3469,3474,5
10,12,3479,3534,55
10,12,3537,3538,1
10,12,3570,3572,2
10,12,4068,4073,5
10,12,4086,4101,15
10,12,4103,4109,6
10,12,4111,4115,4
10,12,4117,4133,16
10,12,4137,4138,1
10,12,4460,4462,2
10,12,4707,4709,2
10,12,4719,4720,1
10,12,4733,4734,1
10,12,4736,4738,2
10,12,4740,4745,5
10,12,4748,4753,5
10,12,9536,9579,43
10,12,11764,11816,52
10,12,12144,12183,39
10,12,12195,12296,101
10,12,12314,12318,4
10,12,12320,12399,79
10,12,12403,12406,3
10,12,12408,12410,2
10,12,12414,12528,114
10,12,12530,12575,45
10,12,12584,12586,2
10,12,12588,12608,20
10,12,12735,12770,35
10,12,13304,13308,4
10,12,13327,13330,3
10,12,16519,16570,51
10,12,16584,16589,5
10,12,16595,16597,2
10,12,24137,24138,1
10,12,24146,24148,2
10,12,24150,24172,22
10,12,24177,24178,1
10,12,24182,24229,47
10,12,24233,24241,8
10,12,24325,24326,1
10,12,24331,24332,1
10,12,24337,24339,2
10,12,24355,24373,18
10,12,24378,24380,2
10,12,24456,24457,1
10,12,24460,24473,13
10,12,24543,24554,11
10,12,24557,24563,6
10,12,24567,24571,4
10,12,24575,24605,30
10,12,24668,24679,11
10,12,24687,24698,11
10,12,24700,24701,1
10,12,24705,24783,78
10,12,24788,24790,2
10,12,24797,24798,1
10,12,24950,24954,4
10,12,24956,25046,90
10,12,25048,25050,2
10,12,25120,25126,6
10,12,25128,25129,1
10,12,25142,25145,3
10,12,25154,25155,1
10,12,25158,25159,1
10,12,25175,25176,1
10,12,25178,25186,8
10,12,25237,25241,4
10,12,25256,25278,22
10,12,25280,25283,3
10,12,25285,25286,1
10,12,25319,25372,53
10,12,25514,25515,1
10,12,25520,25535,15
10,12,25544,25545,1
10,12,25548,25549,1
10,12,25551,25553,2
10,12,25607,25618,11
10,12,25628,25629,1
10,12,25650,25654,4
10,12,25670,25672,2
10,12,25674,25687,13
10,12,25690,25695,5
10,12,25704,25939,235
10,12,25961,25964,3
10,12,27312,27336,24
11,12,1348,1478,130
11,12,1480,1481,1
11,12,1486,1492,6
11,12,1494,1509,15
11,12,1516,1585,69
11,12,1587,1605,18
11,12,1624,1626,2
11,12,1704,1705,1
11,12,1714,1716,2
11,12,1721,1725,4
11,12,1910,1911,1
11,12,1989,1991,2
11,12,2005,2063,58
11,12,2083,2262,179
11,12,2282,2286,4
11,12,2293,2294,1
11,12,2299,2302,3
11,12,2386,2390,4
11,12,7400,7405,5
11,12,7407,7410,3
11,12,7430,7442,12
11,12,7485,7493,8
11,12,7495,7499,4
11,12,7527,7529,2
11,12,9810,9814,4
11,12,9824,9828,4
11,12,9846,9852,6
11,12,9982,10019,37
11,12,10054,10108,54
11,12,11114,11126,12
11,12,11489,11565,76
11,12,11579,11612,33
11,12,11614,11624,10
11,12,11626,11667,41
11,12,11675,11707,32
11,12,11722,11724,2
11,12,21596,21652,56
11,12,21654,21678,24
11,12,21681,21684,3
11,12,21692,21696,4
11,12,21730,21734,4
11,12,21739,21767,28
