node_1,node_2,start_of_interaction,end_of_interaction,duration
11989,11990,484,493,9
11989,11990,525,539,14
11989,11990,543,544,1
11989,11990,1320,1326,6
11989,11990,1929,1960,31
11989,11990,2484,2513,29
11989,11990,2532,2548,16
11989,11990,2560,2564,4
11989,11990,2926,2929,3
11989,11990,2972,2986,14
11989,11990,3056,3069,13
11989,11990,3103,3115,12
11989,11990,3172,3174,2
11989,11990,3425,3439,14
11989,11990,3536,3558,22
11989,11990,4375,4391,16
11989,11990,4753,4758,5
11989,11990,5104,5111,7
11989,11990,5259,5303,44
11989,11990,5818,5845,27
11989,11990,5926,5962,36
11989,11990,6425,6459,34
11989,11990,7422,7424,2
11989,11990,7497,7498,1
11989,11990,7647,7648,1
11989,11990,8006,8021,15
11989,11990,8720,8731,11
11989,11990,9559,9583,24
11989,11990,9857,9883,26
11989,11990,12397,12404,7
11989,11990,12573,12604,31
11989,11990,12734,12742,8
11989,11990,12748,12799,51
11989,11990,12801,12802,1
11989,11990,12804,12837,33
11989,11990,12846,12853,7
11989,11990,13639,13666,27
11989,11990,13732,13736,4
11989,11990,13768,13790,22
11989,11990,14557,14569,12
11989,11990,14677,14698,21
11989,11990,14702,14705,3
11989,11990,15419,15437,18
11989,11990,16102,16121,19
11989,11990,17987,18002,15
11989,11990,18009,18031,22
11989,11990,18257,18276,19
11989,11990,19350,19351,1
11989,11990,19761,19770,9
11989,11990,20522,20530,8
11989,11990,21028,21034,6
11989,11990,21054,21113,59
11989,11990,21163,21184,21
11989,11990,21394,21400,6
11989,11990,21405,21429,24
11989,11990,21896,21915,19
11989,11990,21990,22013,23
11989,11990,22199,22206,7
11989,11990,22288,22299,11
11989,11990,22301,22302,1
11989,11990,22314,22330,16
11989,11990,22578,22603,25
11989,11990,22613,22637,24
11989,11990,23103,23132,29
11989,11990,23441,23450,9
11989,11990,23452,23457,5
11989,11990,23991,24008,17
11989,11990,24116,24127,11
11989,11990,24163,24179,16
11989,11990,24975,24980,5
11989,11990,24983,24984,1
11989,11990,27672,27713,41
11989,11990,27757,27777,20
11989,11990,28162,28166,4
11989,11991,456,458,2
11989,11991,461,469,8
11989,11991,502,509,7
11989,11991,1181,1199,18
11989,11991,1486,1494,8
11989,11991,1532,1542,10
11989,11991,2760,2776,16
11989,11991,2812,2817,5
11989,11991,2820,2822,2
11989,11991,3514,3523,9
11989,11991,3925,3926,1
11989,11991,3932,3938,6
11989,11991,3948,3977,29
11989,11991,4054,4072,18
11989,11991,4723,4738,15
11989,11991,4877,4893,16
11989,11991,4960,4986,26
11989,11991,5041,5045,4
11989,11991,5048,5065,17
11989,11991,5077,5105,28
11989,11991,6035,6042,7
11989,11991,6078,6091,13
11989,11991,6093,6095,2
11989,11991,6098,6102,4
11989,11991,6317,6339,22
11989,11991,7440,7455,15
11989,11991,7536,7578,42
11989,11991,7618,7663,45
11989,11991,7732,7741,9
11989,11991,7994,8011,17
11989,11991,8920,8925,5
11989,11991,8996,9011,15
11989,11991,9417,9454,37
11989,11991,9500,9543,43
11989,11991,9685,9690,5
11989,11991,11052,11053,1
11989,11991,11674,11675,1
11989,11991,11695,11704,9
11989,11991,12345,12358,13
11989,11991,14220,14241,21
11989,11991,14388,14390,2
11989,11991,14731,14737,6
11989,11991,14805,14821,16
11989,11991,14991,15008,17
11989,11991,15023,15036,13
11989,11991,15100,15114,14
11989,11991,15124,15142,18
11989,11991,16809,16822,13
11989,11991,16865,16887,22
11989,11991,17541,17563,22
11989,11991,18369,18388,19
11989,11991,18451,18462,11
11989,11991,18478,18491,13
11989,11991,18820,18824,4
11989,11991,19590,19608,18
11989,11991,20418,20438,20
11989,11991,22716,22734,18
11989,11991,22760,22764,4
11989,11991,22915,22918,3
11989,11991,22928,22981,53
11989,11991,24901,24917,16
11989,11991,24943,24944,1
11989,11991,24946,24950,4
11989,11991,25133,25136,3
11989,11991,25146,25165,19
11989,11991,25174,25188,14
11989,11991,25965,25990,25
11989,11992,0,65,65
11989,11992,478,493,15
11989,11992,803,832,29
11989,11992,955,957,2
11989,11992,961,977,16
11989,11992,1683,1725,42
11989,11992,1962,1963,1
11989,11992,1968,1972,4
11989,11992,2000,2015,15
11989,11992,3397,3416,19
11989,11992,3710,3730,20
11989,11992,5207,5227,20
11989,11992,5313,5335,22
11989,11992,5496,5503,7
11989,11992,5524,5527,3
11989,11992,6550,6585,35
11989,11992,6589,6599,10
11989,11992,6926,6948,22
11989,11992,7876,7895,19
11989,11992,8504,8530,26
11989,11992,8532,8539,7
11989,11992,8543,8545,2
11989,11992,8568,8686,118
11989,11992,8700,8701,1
11989,11992,8709,8717,8
11989,11992,9586,9627,41
11989,11992,9742,9765,23
11989,11992,9807,9842,35
11989,11992,11120,11155,35
11989,11992,11194,11288,94
11989,11992,11312,11342,30
11989,11992,11349,11350,1
11989,11992,11354,11362,8
11989,11992,11401,11446,45
11989,11992,11451,11461,10
11989,11992,11523,11562,39
11989,11992,12095,12096,1
11989,11992,14207,14224,17
11989,11992,14231,14239,8
11989,11992,16130,16146,16
11989,11992,16201,16220,19
11989,11992,17153,17177,24
11989,11992,17196,17213,17
11989,11992,19331,19341,10
11989,11992,19432,19443,11
11989,11992,20375,20393,18
11989,11992,20529,20534,5
11989,11992,21658,21667,9
11989,11992,21818,21834,16
11989,11992,21928,21937,9
11989,11992,21942,21951,9
11989,11992,21957,21960,3
11989,11992,23135,23149,14
11989,11992,24630,24636,6
11989,11992,25386,25391,5
11989,11992,25812,25829,17
11989,11992,26726,26750,24
11989,11992,26860,26924,64
11989,11992,26940,26957,17
11989,11992,26961,26990,29
11989,11992,27194,27227,33
11989,11992,27250,27274,24
11989,11992,27940,27985,45
11989,11992,28000,28003,3
11989,11993,1667,1671,4
11989,11993,2385,2387,2
11989,11993,2668,2719,51
11989,11993,2873,2891,18
11989,11993,3236,3258,22
11989,11993,3429,3440,11
11989,11993,4592,4612,20
11989,11993,4646,4652,6
11989,11993,5319,5324,5
11989,11993,6605,6624,19
11989,11993,7897,7905,8
11989,11993,8022,8023,1
11989,11993,9592,9593,1
11989,11993,9648,9678,30
11989,11993,9692,9711,19
11989,11993,9983,10024,41
11989,11993,10422,10444,22
11989,11993,10557,10562,5
11989,11993,11238,11289,51
11989,11993,11294,11304,10
11989,11993,11430,11462,32
11989,11993,11496,11530,34
11989,11993,11559,11561,2
11989,11993,11564,11577,13
11989,11993,11584,11599,15
11989,11993,13426,13436,10
11989,11993,13711,13728,17
11989,11993,13822,13830,8
11989,11993,13934,13957,23
11989,11993,14546,14581,35
11989,11993,14628,14657,29
11989,11993,14663,14682,19
11989,11993,14801,14823,22
11989,11993,14825,14826,1
11989,11993,15184,15212,28
11989,11993,15242,15264,22
11989,11993,15355,15360,5
11989,11993,15434,15444,10
11989,11993,16050,16065,15
11989,11993,16092,16106,14
11989,11993,17451,17452,1
11989,11993,17468,17502,34
11989,11993,18623,18638,15
11989,11993,20388,20407,19
11989,11993,20450,20469,19
11989,11993,20534,20540,6
11989,11993,20545,20551,6
11989,11993,21875,21878,3
11989,11993,22441,22457,16
11989,11993,22988,22995,7
11989,11993,22997,23005,8
11989,11993,23028,23069,41
11989,11993,24596,24664,68
11989,11993,26823,26827,4
11989,11993,26845,26856,11
11989,11993,27337,27348,11
11989,11993,27436,27474,38
11989,11994,759,766,7
11989,11994,946,963,17
11989,11994,1519,1528,9
11989,11994,2508,2526,18
11989,11994,3129,3134,5
11989,11994,3362,3379,17
11989,11994,3719,3721,2
11989,11994,3916,3946,30
11989,11994,3952,3978,26
11989,11994,3994,4017,23
11989,11994,4795,4797,2
11989,11994,4805,4885,80
11989,11994,4893,4903,10
11989,11994,4907,4908,1
11989,11994,4921,4937,16
11989,11994,4981,5024,43
11989,11994,5027,5046,19
11989,11994,5095,5098,3
11989,11994,5102,5104,2
11989,11994,5106,5109,3
11989,11994,5413,5435,22
11989,11994,5457,5464,7
11989,11994,6022,6037,15
11989,11994,6066,6081,15
11989,11994,7047,7082,35
11989,11994,7623,7691,68
11989,11994,8061,8080,19
11989,11994,8341,8356,15
11989,11994,9852,9888,36
11989,11994,9950,9955,5
11989,11994,10361,10428,67
11989,11994,10434,10436,2
11989,11994,10438,10444,6
11989,11994,10459,10503,44
11989,11994,10686,10702,16
11989,11994,10771,10814,43
11989,11994,10839,10871,32
11989,11994,10901,10912,11
11989,11994,10949,10966,17
11989,11994,14082,14088,6
11989,11994,14266,14284,18
11989,11994,14478,14494,16
11989,11994,14566,14587,21
11989,11994,14607,14609,2
11989,11994,15577,15583,6
11989,11994,15998,16031,33
11989,11994,16109,16118,9
11989,11994,17588,17607,19
11989,11994,17656,17661,5
11989,11994,17772,17778,6
11989,11994,17816,17825,9
11989,11994,18697,18724,27
11989,11994,18762,18777,15
11989,11994,18847,18860,13
11989,11994,19038,19103,65
11989,11994,19116,19134,18
11989,11994,19136,19138,2
11989,11994,19637,19652,15
11989,11994,20028,20030,2
11989,11994,22012,22060,48
11989,11994,22064,22097,33
11989,11994,22187,22198,11
11989,11994,22229,22234,5
11989,11994,22709,22733,24
11989,11994,22832,22863,31
11989,11994,23154,23199,45
11989,11994,24602,24604,2
11989,11994,24609,24624,15
11989,11994,24628,24631,3
11989,11994,24659,24677,18
11989,11994,24689,24741,52
11989,11994,24743,24757,14
11989,11994,25569,25574,5
11989,11994,25754,25776,22
11989,11994,25794,25815,21
11989,11994,25858,25865,7
11989,11994,25953,25973,20
11989,11994,25977,25986,9
11989,11994,25994,26009,15
11989,11994,26016,26060,44
11989,11994,26388,26398,10
11989,11994,26425,26440,15
11989,11994,26823,26826,3
11989,11994,26828,26847,19
11989,11994,27361,27382,21
11989,11994,27397,27406,9
11989,11994,27412,27424,12
11989,11994,27486,27491,5
11989,11995,8,44,36
11989,11995,167,176,9
11989,11995,448,495,47
11989,11995,511,529,18
11989,11995,1522,1539,17
11989,11995,1837,1845,8
11989,11995,3239,3240,1
11989,11995,3243,3246,3
11989,11995,3250,3274,24
11989,11995,3352,3359,7
11989,11995,3364,3381,17
11989,11995,3387,3392,5
11989,11995,3680,3686,6
11989,11995,3910,3925,15
11989,11995,4132,4133,1
11989,11995,4136,4198,62
11989,11995,4200,4201,1
11989,11995,4203,4206,3
11989,11995,4477,4480,3
11989,11995,4508,4544,36
11989,11995,4577,4600,23
11989,11995,5146,5160,14
11989,11995,5262,5294,32
11989,11995,5315,5318,3
11989,11995,5421,5430,9
11989,11995,5448,5504,56
11989,11995,5516,5542,26
11989,11995,5980,5984,4
11989,11995,6013,6025,12
11989,11995,6092,6099,7
11989,11995,6867,6870,3
11989,11995,7025,7034,9
11989,11995,7047,7058,11
11989,11995,7105,7108,3
11989,11995,7116,7139,23
11989,11995,7314,7333,19
11989,11995,7354,7370,16
11989,11995,7565,7566,1
11989,11995,7722,7723,1
11989,11995,7725,7728,3
11989,11995,7935,7947,12
11989,11995,8055,8084,29
11989,11995,8158,8163,5
11989,11995,8173,8191,18
11989,11995,8204,8227,23
11989,11995,8233,8239,6
11989,11995,8272,8282,10
11989,11995,10526,10539,13
11989,11995,11229,11267,38
11989,11995,11575,11612,37
11989,11995,11633,11658,25
11989,11995,11704,11772,68
11989,11995,11858,11871,13
11989,11995,14298,14304,6
11989,11995,14480,14481,1
11989,11995,15253,15279,26
11989,11995,15297,15301,4
11989,11995,15320,15353,33
11989,11995,15359,15380,21
11989,11995,15431,15433,2
11989,11995,17168,17176,8
11989,11995,17279,17285,6
11989,11995,17288,17308,20
11989,11995,18415,18426,11
11989,11995,18428,18454,26
11989,11995,18463,18474,11
11989,11995,18485,18497,12
11989,11995,18507,18522,15
11989,11995,18790,18791,1
11989,11995,18797,18849,52
11989,11995,18911,18962,51
11989,11995,19014,19021,7
11989,11995,19359,19370,11
11989,11995,19463,19466,3
11989,11995,19468,19470,2
11989,11995,19497,19557,60
11989,11995,20295,20314,19
11989,11995,20452,20467,15
11989,11995,20527,20532,5
11989,11995,23238,23245,7
11989,11995,23351,23393,42
11989,11995,24053,24057,4
11989,11995,24059,24124,65
11989,11995,24216,24229,13
11989,11995,24566,24574,8
11989,11995,24638,24658,20
11989,11995,24817,24833,16
11989,11995,24859,24875,16
11989,11995,24892,24904,12
11989,11995,26342,26345,3
11989,11996,3,5,2
11989,11996,7,8,1
11989,11996,461,467,6
11989,11996,1606,1608,2
11989,11996,1624,1631,7
11989,11996,1727,1738,11
11989,11996,2875,2915,40
11989,11996,3070,3111,41
11989,11996,3127,3136,9
11989,11996,4555,4569,14
11989,11996,4583,4615,32
11989,11996,5367,5383,16
11989,11996,5955,5959,4
11989,11996,8475,8489,14
11989,11996,9862,9863,1
11989,11996,9865,9894,29
11989,11996,9932,9934,2
11989,11996,10646,10654,8
11989,11996,11150,11158,8
11989,11996,11195,11199,4
11989,11996,11201,11202,1
11989,11996,11356,11358,2
11989,11996,11467,11482,15
11989,11996,11485,11487,2
11989,11996,11771,11796,25
11989,11996,13386,13392,6
11989,11996,13416,13446,30
11989,11996,13488,13504,16
11989,11996,13554,13559,5
11989,11996,13721,13731,10
11989,11996,13839,13882,43
11989,11996,14489,14512,23
11989,11996,14537,14555,18
11989,11996,14576,14586,10
11989,11996,14712,14732,20
11989,11996,14776,14785,9
11989,11996,15997,16021,24
11989,11996,16290,16357,67
11989,11996,16390,16404,14
11989,11996,16634,16644,10
11989,11996,17341,17359,18
11989,11996,17389,17406,17
11989,11996,17413,17430,17
11989,11996,17438,17465,27
11989,11996,18308,18347,39
11989,11996,20451,20499,48
11989,11996,20512,20528,16
11989,11996,20535,20537,2
11989,11996,20709,20714,5
11989,11996,21649,21653,4
11989,11996,21765,21790,25
11989,11996,22373,22415,42
11989,11996,22421,22429,8
11989,11996,22597,22630,33
11989,11996,22632,22639,7
11989,11996,23269,23278,9
11989,11996,23353,23364,11
11989,11996,25971,25974,3
11989,11996,27071,27081,10
11989,11996,27162,27177,15
11989,11996,27413,27427,14
11989,11996,27714,27719,5
11989,11996,27775,27800,25
11989,11996,27893,27911,18
11989,11996,27953,27976,23
11989,11996,27996,28003,7
11989,11996,28020,28038,18
11989,11997,340,347,7
11989,11997,1001,1011,10
11989,11997,1018,1025,7
11989,11997,3642,3652,10
11989,11997,4422,4438,16
11989,11997,4459,4483,24
11989,11997,4641,4649,8
11989,11997,5597,5615,18
11989,11997,6148,6159,11
11989,11997,6164,6177,13
11989,11997,6301,6305,4
11989,11997,6424,6433,9
11989,11997,6498,6503,5
11989,11997,6506,6514,8
11989,11997,7161,7174,13
11989,11997,7799,7809,10
11989,11997,7814,7839,25
11989,11997,8151,8184,33
11989,11997,8327,8338,11
11989,11997,8395,8453,58
11989,11997,8920,8965,45
11989,11997,9137,9141,4
11989,11997,9143,9144,1
11989,11997,9154,9169,15
11989,11997,9212,9252,40
11989,11997,13462,13490,28
11989,11997,13763,13766,3
11989,11997,13772,13775,3
11989,11997,16598,16618,20
11989,11997,16687,16698,11
11989,11997,17547,17561,14
11989,11997,17674,17746,72
11989,11997,17754,17758,4
11989,11997,17762,17763,1
11989,11997,17855,17879,24
11989,11997,17902,17915,13
11989,11997,19528,19544,16
11989,11997,19885,19899,14
11989,11997,19933,19937,4
11989,11997,19943,19944,1
11989,11997,19946,19967,21
11989,11997,19975,19986,11
11989,11997,19988,19989,1
11989,11997,20171,20184,13
11989,11997,22646,22658,12
11989,11997,22885,22895,10
11989,11997,23001,23015,14
11989,11997,23025,23041,16
11989,11997,23180,23186,6
11989,11997,23188,23189,1
11989,11997,23215,23218,3
11989,11997,23225,23227,2
11989,11997,23243,23313,70
11989,11997,23319,23337,18
11989,11997,24373,24385,12
11989,11997,24394,24417,23
11989,11997,24454,24459,5
11989,11997,24468,24479,11
11989,11997,26076,26080,4
11989,11997,26109,26122,13
11989,11997,26296,26303,7
11989,11997,26686,26731,45
11989,11997,26734,26755,21
11989,11997,26759,26760,1
11989,11997,27609,27636,27
11989,11998,421,437,16
11989,11998,532,552,20
11989,11998,1655,1668,13
11989,11998,1672,1709,37
11989,11998,1962,1984,22
11989,11998,2269,2277,8
11989,11998,2302,2313,11
11989,11998,4615,4644,29
11989,11998,4666,4672,6
11989,11998,4754,4760,6
11989,11998,5393,5400,7
11989,11998,5413,5421,8
11989,11998,6369,6408,39
11989,11998,7343,7351,8
11989,11998,7752,7766,14
11989,11998,7768,7770,2
11989,11998,7772,7778,6
11989,11998,7815,7834,19
11989,11998,7889,7899,10
11989,11998,7922,7926,4
11989,11998,8108,8141,33
11989,11998,10666,10674,8
11989,11998,10749,10758,9
11989,11998,12001,12002,1
11989,11998,12224,12227,3
11989,11998,12255,12376,121
11989,11998,13291,13308,17
11989,11998,13447,13502,55
11989,11998,13841,13852,11
11989,11998,13855,13888,33
11989,11998,14220,14225,5
11989,11998,14732,14749,17
11989,11998,14767,14782,15
11989,11998,15864,15892,28
11989,11998,15917,15955,38
11989,11998,15967,16051,84
11989,11998,16055,16056,1
11989,11998,16060,16061,1
11989,11998,16072,16077,5
11989,11998,16083,16105,22
11989,11998,16107,16108,1
11989,11998,16604,16616,12
11989,11998,16664,16666,2
11989,11998,17640,17642,2
11989,11998,17660,17661,1
11989,11998,17671,17672,1
11989,11998,17700,17709,9
11989,11998,18189,18191,2
11989,11998,18258,18261,3
11989,11998,19592,19613,21
11989,11998,19658,19669,11
11989,11998,20602,20609,7
11989,11998,21639,21650,11
11989,11998,23100,23111,11
11989,11998,23166,23188,22
11989,11998,23387,23414,27
11989,11998,23451,23464,13
11989,11998,24027,24048,21
11989,11998,24229,24248,19
11989,11998,24454,24464,10
11989,11998,24485,24497,12
11989,11998,24508,24526,18
11989,11998,24530,24553,23
11989,11998,25220,25230,10
11989,11998,25369,25398,29
11989,11998,25407,25428,21
11989,11998,25585,25586,1
11989,11998,25603,25617,14
11989,11998,25632,25649,17
11989,11998,26268,26300,32
11989,11998,26687,26711,24
11989,11998,27230,27243,13
11989,11998,27353,27354,1
11989,11999,416,437,21
11989,11999,554,565,11
11989,11999,892,898,6
11989,11999,1409,1441,32
11989,11999,1773,1800,27
11989,11999,2180,2198,18
11989,11999,2207,2223,16
11989,11999,2238,2256,18
11989,11999,2274,2291,17
11989,11999,2810,2819,9
11989,11999,3163,3179,16
11989,11999,3845,3883,38
11989,11999,3885,3903,18
11989,11999,4503,4523,20
11989,11999,4784,4799,15
11989,11999,5354,5355,1
11989,11999,5681,5683,2
11989,11999,7761,7814,53
11989,11999,8008,8014,6
11989,11999,8110,8114,4
11989,11999,8126,8141,15
11989,11999,8143,8144,1
11989,11999,8148,8149,1
11989,11999,8717,8725,8
11989,11999,9292,9310,18
11989,11999,9314,9316,2
11989,11999,9336,9354,18
11989,11999,9357,9359,2
11989,11999,9365,9416,51
11989,11999,9654,9699,45
11989,11999,9712,9724,12
11989,11999,9742,9799,57
11989,11999,9809,9816,7
11989,11999,11677,11680,3
11989,11999,11687,11747,60
11989,11999,12160,12172,12
11989,11999,12928,12935,7
11989,11999,12939,12951,12
11989,11999,13106,13119,13
11989,11999,13435,13446,11
11989,11999,13489,13503,14
11989,11999,13865,13885,20
11989,11999,14683,14697,14
11989,11999,15120,15134,14
11989,11999,15147,15169,22
11989,11999,15520,15558,38
11989,11999,15617,15622,5
11989,11999,15625,15654,29
11989,11999,17369,17382,13
11989,11999,18330,18342,12
11989,11999,20363,20403,40
11989,11999,21935,21953,18
11989,11999,22022,22038,16
11989,11999,22050,22058,8
11989,11999,22065,22071,6
11989,11999,22224,22246,22
11989,11999,22779,22811,32
11989,11999,23002,23004,2
11989,11999,23009,23015,6
11989,11999,24014,24041,27
11989,11999,24044,24052,8
11989,11999,25128,25133,5
11989,11999,25226,25227,1
11989,11999,25501,25515,14
11989,11999,25635,25638,3
11989,11999,25644,25667,23
11989,11999,26002,26016,14
11989,11999,27529,27531,2
11989,11999,27615,27632,17
11989,11999,28117,28122,5
11989,11999,28153,28169,16
11989,12000,460,481,21
11989,12000,534,561,27
11989,12000,917,920,3
11989,12000,965,993,28
11989,12000,1925,1944,19
11989,12000,3261,3262,1
11989,12000,3269,3278,9
11989,12000,3347,3395,48
11989,12000,3954,3956,2
11989,12000,3960,3961,1
11989,12000,3978,4004,26
11989,12000,4006,4019,13
11989,12000,4054,4055,1
11989,12000,4448,4477,29
11989,12000,5084,5106,22
11989,12000,7140,7141,1
11989,12000,7316,7319,3
11989,12000,8504,8512,8
11989,12000,8514,8558,44
11989,12000,8651,8670,19
11989,12000,9661,9683,22
11989,12000,11198,11208,10
11989,12000,11226,11240,14
11989,12000,11257,11261,4
11989,12000,11263,11277,14
11989,12000,11475,11498,23
11989,12000,11506,11510,4
11989,12000,11573,11597,24
11989,12000,11830,11833,3
11989,12000,11874,11887,13
11989,12000,11952,11967,15
11989,12000,11992,11998,6
11989,12000,12000,12028,28
11989,12000,12042,12057,15
11989,12000,12159,12188,29
11989,12000,12248,12297,49
11989,12000,12600,12609,9
11989,12000,14295,14321,26
11989,12000,16762,16768,6
11989,12000,18963,18979,16
11989,12000,20654,20665,11
11989,12000,21853,21859,6
11989,12000,21881,21895,14
11989,12000,23720,23730,10
11989,12000,24261,24269,8
11989,12000,24453,24459,6
11989,12000,24466,24471,5
11989,12000,25057,25083,26
11989,12000,25096,25106,10
11989,12000,28444,28450,6
11989,12000,28467,28469,2
11990,11991,800,823,23
11990,11991,1953,1993,40
11990,11991,2200,2217,17
11990,11991,2230,2234,4
11990,11991,2490,2493,3
11990,11991,2508,2537,29
11990,11991,2619,2645,26
11990,11991,2750,2763,13
11990,11991,3300,3305,5
11990,11991,3405,3425,20
11990,11991,3537,3546,9
11990,11991,4080,4095,15
11990,11991,4155,4156,1
11990,11991,4903,4917,14
11990,11991,5586,5590,4
11990,11991,5706,5722,16
11990,11991,7391,7404,13
11990,11991,7418,7424,6
11990,11991,7456,7470,14
11990,11991,7657,7662,5
11990,11991,7666,7667,1
11990,11991,7676,7703,27
11990,11991,7829,7836,7
11990,11991,8016,8021,5
11990,11991,8144,8145,1
11990,11991,8196,8228,32
11990,11991,8262,8283,21
11990,11991,8820,8846,26
11990,11991,8850,8852,2
11990,11991,8874,8888,14
11990,11991,8890,8908,18
11990,11991,9139,9141,2
11990,11991,9145,9176,31
11990,11991,9542,9557,15
11990,11991,10550,10557,7
11990,11991,10580,10595,15
11990,11991,10853,10882,29
11990,11991,10930,10949,19
11990,11991,12111,12175,64
11990,11991,12178,12183,5
11990,11991,12949,12959,10
11990,11991,14592,14604,12
11990,11991,14725,14727,2
11990,11991,15048,15062,14
11990,11991,16553,16558,5
11990,11991,17151,17162,11
11990,11991,17184,17205,21
11990,11991,17247,17250,3
11990,11991,17385,17413,28
11990,11991,17571,17586,15
11990,11991,17589,17654,65
11990,11991,18996,19006,10
11990,11991,19012,19015,3
11990,11991,19018,19040,22
11990,11991,19306,19309,3
11990,11991,19403,19415,12
11990,11991,19682,19687,5
11990,11991,19701,19716,15
11990,11991,20438,20441,3
11990,11991,20833,20854,21
11990,11991,20899,20917,18
11990,11991,21658,21659,1
11990,11991,24088,24106,18
11990,11991,24237,24240,3
11990,11991,24290,24309,19
11990,11991,25326,25328,2
11990,11991,25352,25381,29
11990,11991,25453,25454,1
11990,11991,25457,25476,19
11990,11991,25499,25502,3
11990,11991,25896,25902,6
11990,11991,25909,25923,14
11990,11991,27495,27516,21
11990,11992,487,491,4
11990,11992,546,565,19
11990,11992,577,590,13
11990,11992,1440,1470,30
11990,11992,1727,1741,14
11990,11992,3466,3481,15
11990,11992,3497,3501,4
11990,11992,3628,3647,19
11990,11992,3702,3706,4
11990,11992,4876,4888,12
11990,11992,5241,5255,14
11990,11992,6686,6728,42
11990,11992,8164,8202,38
11990,11992,8220,8221,1
11990,11992,8422,8444,22
11990,11992,8913,8972,59
11990,11992,9105,9156,51
11990,11992,9780,9782,2
11990,11992,10233,10234,1
11990,11992,10531,10537,6
11990,11992,10859,10876,17
11990,11992,12060,12077,17
11990,11992,12110,12130,20
11990,11992,12132,12157,25
11990,11992,12881,12882,1
11990,11992,12884,12911,27
11990,11992,12980,13025,45
11990,11992,13041,13055,14
11990,11992,13083,13130,47
11990,11992,13344,13356,12
11990,11992,13361,13365,4
11990,11992,13382,13402,20
11990,11992,13691,13695,4
11990,11992,13893,13921,28
11990,11992,14073,14103,30
11990,11992,15499,15535,36
11990,11992,15685,15720,35
11990,11992,16739,16753,14
11990,11992,17781,17792,11
11990,11992,17940,17959,19
11990,11992,19310,19311,1
11990,11992,19313,19317,4
11990,11992,19377,19384,7
11990,11992,19426,19435,9
11990,11992,20373,20386,13
11990,11992,20454,20476,22
11990,11992,20479,20521,42
11990,11992,21508,21545,37
11990,11992,21553,21624,71
11990,11992,21692,21714,22
11990,11992,21969,21990,21
11990,11992,24792,24827,35
11990,11992,24829,24832,3
11990,11992,24862,24901,39
11990,11992,24908,24927,19
11990,11992,26006,26026,20
11990,11992,26066,26067,1
11990,11992,26177,26195,18
11990,11992,26307,26328,21
11990,11992,26365,26370,5
11990,11992,26403,26416,13
11990,11992,26472,26485,13
11990,11992,27342,27354,12
11990,11992,27458,27470,12
11990,11992,27494,27495,1
11990,11992,27497,27510,13
11990,11993,132,144,12
11990,11993,190,201,11
11990,11993,214,237,23
11990,11993,824,841,17
11990,11993,892,897,5
11990,11993,904,905,1
11990,11993,1286,1302,16
11990,11993,1413,1423,10
11990,11993,2814,2831,17
11990,11993,2833,2839,6
11990,11993,3420,3458,38
11990,11993,3467,3488,21
11990,11993,3556,3599,43
11990,11993,3612,3630,18
11990,11993,4412,4504,92
11990,11993,4530,4542,12
11990,11993,4726,4742,16
11990,11993,4823,4825,2
11990,11993,5434,5462,28
11990,11993,5502,5522,20
11990,11993,5638,5648,10
11990,11993,5703,5710,7
11990,11993,5712,5719,7
11990,11993,5732,5738,6
11990,11993,5740,5750,10
11990,11993,5893,5896,3
11990,11993,6706,6732,26
11990,11993,7951,7966,15
11990,11993,7972,7980,8
11990,11993,8024,8049,25
11990,11993,8087,8154,67
11990,11993,8533,8562,29
11990,11993,8655,8661,6
11990,11993,8762,8777,15
11990,11993,9390,9395,5
11990,11993,9397,9400,3
11990,11993,9417,9420,3
11990,11993,9492,9494,2
11990,11993,9593,9596,3
11990,11993,10039,10060,21
11990,11993,10845,10849,4
11990,11993,10897,10937,40
11990,11993,10953,10973,20
11990,11993,11797,11801,4
11990,11993,11836,11837,1
11990,11993,11847,11870,23
11990,11993,11883,11884,1
11990,11993,12905,12918,13
11990,11993,13990,14009,19
11990,11993,14032,14087,55
11990,11993,14100,14135,35
11990,11993,14559,14562,3
11990,11993,14594,14611,17
11990,11993,14861,14872,11
11990,11993,14956,14984,28
11990,11993,15255,15274,19
11990,11993,15304,15321,17
11990,11993,15470,15476,6
11990,11993,15478,15502,24
11990,11993,15720,15723,3
11990,11993,15742,15750,8
11990,11993,15807,15818,11
11990,11993,15831,15835,4
11990,11993,15852,15895,43
11990,11993,16075,16076,1
11990,11993,16079,16097,18
11990,11993,16128,16134,6
11990,11993,16641,16647,6
11990,11993,16831,16836,5
11990,11993,16968,16988,20
11990,11993,18698,18702,4
11990,11993,18735,18748,13
11990,11993,18760,18766,6
11990,11993,19019,19030,11
11990,11993,19109,19119,10
11990,11993,19247,19310,63
11990,11993,20225,20226,1
11990,11993,20228,20229,1
11990,11993,20231,20232,1
11990,11993,20236,20240,4
11990,11993,20244,20276,32
11990,11993,20329,20339,10
11990,11993,20354,20365,11
11990,11993,20588,20618,30
11990,11993,24019,24028,9
11990,11993,25305,25317,12
11990,11993,25361,25365,4
11990,11993,25657,25661,4
11990,11993,25851,25857,6
11990,11993,26726,26738,12
11990,11994,323,340,17
11990,11994,568,597,29
11990,11994,599,600,1
11990,11994,606,614,8
11990,11994,628,631,3
11990,11994,1849,1877,28
11990,11994,2355,2359,4
11990,11994,2372,2384,12
11990,11994,2416,2436,20
11990,11994,3674,3682,8
11990,11994,3685,3716,31
11990,11994,5183,5229,46
11990,11994,5233,5253,20
11990,11994,6689,6691,2
11990,11994,6703,6710,7
11990,11994,6736,6753,17
11990,11994,6764,6787,23
11990,11994,6799,6810,11
11990,11994,7170,7181,11
11990,11994,7231,7248,17
11990,11994,7886,7889,3
11990,11994,7898,7950,52
11990,11994,8024,8032,8
11990,11994,9387,9395,8
11990,11994,9818,9882,64
11990,11994,11555,11565,10
11990,11994,11604,11629,25
11990,11994,11631,11632,1
11990,11994,11674,11683,9
11990,11994,12939,12972,33
11990,11994,13591,13630,39
11990,11994,15581,15590,9
11990,11994,15687,15690,3
11990,11994,15693,15694,1
11990,11994,15952,15955,3
11990,11994,15958,15961,3
11990,11994,15964,15980,16
11990,11994,16102,16109,7
11990,11994,16113,16115,2
11990,11994,16136,16151,15
11990,11994,17152,17153,1
11990,11994,19228,19237,9
11990,11994,19255,19278,23
11990,11994,19454,19476,22
11990,11994,19714,19731,17
11990,11994,23260,23264,4
11990,11994,23266,23279,13
11990,11994,24919,24952,33
11990,11994,26191,26194,3
11990,11994,26731,26736,5
11990,11994,27008,27038,30
11990,11995,314,439,125
11990,11995,485,493,8
11990,11995,687,691,4
11990,11995,965,969,4
11990,11995,974,1039,65
11990,11995,1276,1326,50
11990,11995,3933,3951,18
11990,11995,4005,4013,8
11990,11995,4547,4548,1
11990,11995,4643,4653,10
11990,11995,5172,5187,15
11990,11995,5233,5289,56
11990,11995,7688,7697,9
11990,11995,7703,7706,3
11990,11995,7716,7718,2
11990,11995,7727,7796,69
11990,11995,9797,9802,5
11990,11995,9981,10028,47
11990,11995,10221,10234,13
11990,11995,10267,10271,4
11990,11995,10390,10403,13
11990,11995,11880,11881,1
11990,11995,11883,11884,1
11990,11995,13130,13131,1
11990,11995,13498,13511,13
11990,11995,13865,13881,16
11990,11995,13914,13944,30
11990,11995,14185,14201,16
11990,11995,14541,14559,18
11990,11995,15272,15293,21
11990,11995,15425,15493,68
11990,11995,16915,16923,8
11990,11995,16976,17018,42
11990,11995,17805,17852,47
11990,11995,17928,17939,11
11990,11995,17946,17967,21
11990,11995,19197,19232,35
11990,11995,20026,20057,31
11990,11995,20491,20493,2
11990,11995,20495,20527,32
11990,11995,20588,20620,32
11990,11995,23089,23103,14
11990,11995,24109,24127,18
11990,11995,24269,24271,2
11990,11995,24273,24275,2
11990,11995,24291,24313,22
11990,11995,24321,24350,29
11990,11995,24397,24415,18
11990,11995,24929,24942,13
11990,11995,25560,25567,7
11990,11995,25573,25581,8
11990,11995,25757,25763,6
11990,11995,25810,25821,11
11990,11995,25825,25827,2
11990,11995,27792,27798,6
11990,11995,28607,28620,13
11990,11995,28627,28634,7
11990,11995,28636,28637,1
11990,11995,28653,28654,1
11990,11995,28656,28661,5
11990,11996,193,247,54
11990,11996,291,302,11
11990,11996,343,354,11
11990,11996,407,441,34
11990,11996,479,499,20
11990,11996,665,688,23
11990,11996,705,737,32
11990,11996,739,740,1
11990,11996,756,760,4
11990,11996,1185,1215,30
11990,11996,2128,2131,3
11990,11996,2133,2134,1
11990,11996,2589,2600,11
11990,11996,2634,2661,27
11990,11996,2710,2740,30
11990,11996,2816,2817,1
11990,11996,2819,2865,46
11990,11996,3080,3102,22
11990,11996,5171,5176,5
11990,11996,5178,5191,13
11990,11996,5220,5237,17
11990,11996,5731,5744,13
11990,11996,5955,5962,7
11990,11996,6041,6043,2
11990,11996,6123,6166,43
11990,11996,6186,6210,24
11990,11996,6447,6450,3
11990,11996,6453,6457,4
11990,11996,6459,6469,10
11990,11996,6644,6656,12
11990,11996,8145,8158,13
11990,11996,8183,8269,86
11990,11996,8430,8438,8
11990,11996,8600,8607,7
11990,11996,8638,8655,17
11990,11996,8695,8713,18
11990,11996,8724,8739,15
11990,11996,9868,9884,16
11990,11996,10186,10202,16
11990,11996,10222,10241,19
11990,11996,10489,10502,13
11990,11996,10841,10856,15
11990,11996,10874,10876,2
11990,11996,10882,10885,3
11990,11996,10887,10891,4
11990,11996,10900,10956,56
11990,11996,11787,11796,9
11990,11996,11810,11842,32
11990,11996,11844,11847,3
11990,11996,13300,13308,8
11990,11996,13985,14001,16
11990,11996,14110,14117,7
11990,11996,14186,14195,9
11990,11996,14232,14239,7
11990,11996,14790,14802,12
11990,11996,14826,14827,1
11990,11996,14854,14858,4
11990,11996,14860,14861,1
11990,11996,14869,14873,4
11990,11996,14905,14913,8
11990,11996,14932,14947,15
11990,11996,15019,15022,3
11990,11996,15174,15199,25
11990,11996,15207,15208,1
11990,11996,15214,15219,5
11990,11996,15627,15651,24
11990,11996,15751,15760,9
11990,11996,16067,16091,24
11990,11996,16168,16181,13
11990,11996,16247,16257,10
11990,11996,18288,18297,9
11990,11996,18374,18400,26
11990,11996,18708,18740,32
11990,11996,18756,18769,13
11990,11996,18771,18779,8
11990,11996,18790,18818,28
11990,11996,18978,18982,4
11990,11996,18984,18999,15
11990,11996,19032,19051,19
11990,11996,19902,19914,12
11990,11996,21622,21650,28
11990,11996,22610,22630,20
11990,11996,22656,22662,6
11990,11996,22665,22671,6
11990,11996,22699,22717,18
11990,11996,22743,22797,54
11990,11996,22890,22943,53
11990,11996,23184,23201,17
11990,11996,24700,24755,55
11990,11996,24774,24792,18
11990,11996,24805,24822,17
11990,11996,24827,24846,19
11990,11996,25146,25155,9
11990,11996,25180,25242,62
11990,11996,25553,25571,18
11990,11996,25666,25695,29
11990,11996,25762,25780,18
11990,11996,26077,26089,12
11990,11996,26278,26289,11
11990,11996,26300,26305,5
11990,11996,26406,26422,16
11990,11996,26432,26480,48
11990,11996,26483,26513,30
11990,11996,26538,26539,1
11990,11996,26576,26590,14
11990,11996,26798,26882,84
11990,11996,27295,27320,25
11990,11996,27736,27749,13
11990,11996,27770,27786,16
11990,11996,28086,28122,36
11990,11996,28131,28139,8
11990,11996,28294,28299,5
11990,11996,28313,28323,10
11990,11996,28325,28326,1
11990,11996,28373,28412,39
11990,11996,28452,28489,37
11990,11997,0,3,3
11990,11997,943,951,8
11990,11997,2005,2019,14
11990,11997,2185,2194,9
11990,11997,2381,2391,10
11990,11997,2447,2462,15
11990,11997,3127,3176,49
11990,11997,3190,3204,14
11990,11997,3737,3743,6
11990,11997,4559,4563,4
11990,11997,4714,4725,11
11990,11997,6260,6269,9
11990,11997,6287,6288,1
11990,11997,6290,6298,8
11990,11997,6336,6355,19
11990,11997,6523,6524,1
11990,11997,6529,6533,4
11990,11997,6536,6549,13
11990,11997,7126,7144,18
11990,11997,8127,8138,11
11990,11997,9393,9410,17
11990,11997,9530,9534,4
11990,11997,9804,9815,11
11990,11997,10003,10004,1
11990,11997,10065,10086,21
11990,11997,10102,10104,2
11990,11997,10218,10242,24
11990,11997,10609,10644,35
11990,11997,10654,10659,5
11990,11997,10663,10685,22
11990,11997,10700,10731,31
11990,11997,10747,10748,1
11990,11997,10754,10770,16
11990,11997,10795,10825,30
11990,11997,10933,10965,32
11990,11997,11309,11328,19
11990,11997,11580,11628,48
11990,11997,11714,11731,17
11990,11997,11742,11746,4
11990,11997,11950,11979,29
11990,11997,12013,12028,15
11990,11997,12056,12077,21
11990,11997,12093,12098,5
11990,11997,12106,12155,49
11990,11997,12946,12958,12
11990,11997,13045,13066,21
11990,11997,14493,14501,8
11990,11997,14771,14786,15
11990,11997,15125,15136,11
11990,11997,15140,15148,8
11990,11997,15201,15221,20
11990,11997,16524,16547,23
11990,11997,18056,18082,26
11990,11997,19312,19327,15
11990,11997,21523,21537,14
11990,11997,21565,21577,12
11990,11997,21584,21624,40
11990,11997,22499,22516,17
11990,11997,22567,22586,19
11990,11997,22664,22699,35
11990,11997,22785,22789,4
11990,11997,23154,23168,14
11990,11997,23385,23425,40
11990,11997,23439,23468,29
11990,11997,23470,23475,5
11990,11997,23515,23521,6
11990,11997,23796,23808,12
11990,11997,23812,23837,25
11990,11997,24646,24726,80
11990,11997,25534,25548,14
11990,11997,26763,26778,15
11990,11997,27254,27260,6
11990,11997,27291,27302,11
11990,11997,27360,27379,19
11990,11997,27442,27452,10
11990,11997,28218,28223,5
11990,11997,28225,28226,1
11990,11997,28255,28256,1
11990,11997,28274,28275,1
11990,11997,28309,28324,15
11990,11997,28326,28341,15
11990,11997,28344,28347,3
11990,11997,28365,28399,34
11990,11998,232,250,18
11990,11998,361,370,9
11990,11998,534,546,12
11990,11998,554,569,15
11990,11998,596,610,14
11990,11998,614,621,7
11990,11998,623,628,5
11990,11998,675,693,18
11990,11998,821,846,25
11990,11998,853,854,1
11990,11998,856,871,15
11990,11998,899,906,7
11990,11998,1000,1005,5
11990,11998,1776,1781,5
11990,11998,1809,1829,20
11990,11998,1838,1840,2
11990,11998,1879,1880,1
11990,11998,2183,2210,27
11990,11998,3275,3280,5
11990,11998,3296,3307,11
11990,11998,3320,3332,12
11990,11998,3714,3718,4
11990,11998,4718,4769,51
11990,11998,6622,6629,7
11990,11998,6822,6841,19
11990,11998,6847,6856,9
11990,11998,6939,6961,22
11990,11998,8571,8583,12
11990,11998,8739,8751,12
11990,11998,10032,10038,6
11990,11998,10066,10072,6
11990,11998,10074,10079,5
11990,11998,10236,10292,56
11990,11998,10360,10415,55
11990,11998,10443,10447,4
11990,11998,12498,12512,14
11990,11998,12894,12916,22
11990,11998,12959,12961,2
11990,11998,12972,12988,16
11990,11998,13213,13227,14
11990,11998,14067,14070,3
11990,11998,14082,14131,49
11990,11998,14139,14141,2
11990,11998,14612,14616,4
11990,11998,14700,14736,36
11990,11998,14846,14854,8
11990,11998,14881,14886,5
11990,11998,14897,14946,49
11990,11998,15080,15111,31
11990,11998,15260,15263,3
11990,11998,16123,16155,32
11990,11998,16199,16202,3
11990,11998,16295,16322,27
11990,11998,16345,16372,27
11990,11998,16383,16403,20
11990,11998,17460,17461,1
11990,11998,17571,17597,26
11990,11998,17600,17634,34
11990,11998,17644,17664,20
11990,11998,17806,17824,18
11990,11998,18215,18235,20
11990,11998,18248,18264,16
11990,11998,18285,18303,18
11990,11998,19517,19523,6
11990,11998,19525,19530,5
11990,11998,19684,19703,19
11990,11998,20621,20631,10
11990,11998,20851,20854,3
11990,11998,21121,21140,19
11990,11998,21160,21170,10
11990,11998,21292,21334,42
11990,11998,21337,21340,3
11990,11998,21349,21363,14
11990,11998,21378,21385,7
11990,11998,21630,21631,1
11990,11998,21634,21644,10
11990,11998,23102,23106,4
11990,11998,23121,23152,31
11990,11998,23242,23257,15
11990,11998,23289,23317,28
11990,11998,23336,23339,3
11990,11998,23400,23405,5
11990,11998,23408,23410,2
11990,11998,23417,23520,103
11990,11998,23536,23541,5
11990,11998,24706,24724,18
11990,11998,25848,25854,6
11990,11998,25923,25940,17
11990,11998,26017,26025,8
11990,11998,26028,26049,21
11990,11998,26085,26128,43
11990,11998,27066,27092,26
11990,11998,27314,27323,9
11990,11998,27802,27809,7
11990,11998,27827,27830,3
11990,11998,27852,27859,7
11990,11998,27902,27919,17
11990,11998,27921,27950,29
11990,11998,27971,28007,36
11990,11998,28037,28082,45
11990,11998,28095,28096,1
11990,11998,28109,28111,2
11990,11998,28143,28149,6
11990,11998,28151,28163,12
11990,11999,7,81,74
11990,11999,139,218,79
11990,11999,598,599,1
11990,11999,2026,2036,10
11990,11999,2949,2961,12
11990,11999,2983,3001,18
11990,11999,3163,3188,25
11990,11999,3824,3846,22
11990,11999,4856,4888,32
11990,11999,5116,5133,17
11990,11999,5270,5275,5
11990,11999,5320,5321,1
11990,11999,6940,6969,29
11990,11999,7962,7966,4
11990,11999,7973,7983,10
11990,11999,7994,8017,23
11990,11999,8030,8049,19
11990,11999,8067,8109,42
11990,11999,8116,8120,4
11990,11999,8204,8233,29
11990,11999,8237,8242,5
11990,11999,8526,8541,15
11990,11999,8594,8597,3
11990,11999,8599,8605,6
11990,11999,8629,8649,20
11990,11999,8695,8730,35
11990,11999,8744,8764,20
11990,11999,10767,10782,15
11990,11999,14003,14042,39
11990,11999,14077,14089,12
11990,11999,14610,14637,27
11990,11999,14646,14682,36
11990,11999,15895,15940,45
11990,11999,16533,16561,28
11990,11999,16567,16568,1
11990,11999,16571,16578,7
11990,11999,17123,17126,3
11990,11999,17288,17291,3
11990,11999,19397,19412,15
11990,11999,20117,20136,19
11990,11999,20140,20147,7
11990,11999,20149,20213,64
11990,11999,20292,20309,17
11990,11999,20368,20376,8
11990,11999,21658,21668,10
11990,11999,21970,21976,6
11990,11999,22957,23002,45
11990,11999,23025,23050,25
11990,11999,25837,25850,13
11990,11999,25873,25875,2
11990,11999,25919,25937,18
11990,11999,26409,26434,25
11990,11999,26436,26447,11
11990,11999,26913,26926,13
11990,11999,26930,26932,2
11990,11999,26935,26964,29
11990,11999,27191,27200,9
11990,11999,27838,27857,19
11990,11999,27859,27873,14
11990,11999,27920,27950,30
11990,11999,28091,28096,5
11990,11999,28151,28155,4
11990,11999,28159,28193,34
11990,12000,204,212,8
11990,12000,672,691,19
11990,12000,760,783,23
11990,12000,1048,1064,16
11990,12000,1075,1092,17
11990,12000,1934,1944,10
11990,12000,2226,2227,1
11990,12000,5328,5340,12
11990,12000,7182,7205,23
11990,12000,7213,7263,50
11990,12000,7265,7267,2
11990,12000,8282,8380,98
11990,12000,8436,8437,1
11990,12000,8440,8444,4
11990,12000,9285,9378,93
11990,12000,9508,9509,1
11990,12000,9684,9744,60
11990,12000,9768,9786,18
11990,12000,10326,10359,33
11990,12000,10367,10370,3
11990,12000,10909,10937,28
11990,12000,10954,10983,29
11990,12000,11885,11897,12
11990,12000,12551,12553,2
11990,12000,12598,12623,25
11990,12000,12968,12978,10
11990,12000,13238,13261,23
11990,12000,13263,13270,7
11990,12000,13382,13395,13
11990,12000,13869,13871,2
11990,12000,13873,13879,6
11990,12000,14740,14745,5
11990,12000,15760,15765,5
11990,12000,16347,16372,25
11990,12000,16641,16643,2
11990,12000,16950,16981,31
11990,12000,17227,17234,7
11990,12000,17241,17242,1
11990,12000,17325,17336,11
11990,12000,19007,19019,12
11990,12000,20118,20121,3
11990,12000,20163,20176,13
11990,12000,20729,20731,2
11990,12000,20782,20826,44
11990,12000,20925,20938,13
11990,12000,20984,20988,4
11990,12000,21798,21810,12
11990,12000,23760,23764,4
11990,12000,23795,23848,53
11990,12000,24181,24236,55
11990,12000,24264,24291,27
11990,12000,24740,24758,18
11990,12000,24767,24780,13
11990,12000,26541,26596,55
11990,12000,26964,26977,13
11990,12000,26979,26982,3
11990,12000,26988,26992,4
11990,12000,26997,27006,9
11991,11992,147,168,21
11991,11992,1009,1017,8
11991,11992,1320,1379,59
11991,11992,3225,3293,68
11991,11992,4355,4381,26
11991,11992,4721,4735,14
11991,11992,4775,4843,68
11991,11992,6153,6167,14
11991,11992,6408,6410,2
11991,11992,6416,6417,1
11991,11992,6729,6740,11
11991,11992,6751,6763,12
11991,11992,6889,6912,23
11991,11992,7194,7219,25
11991,11992,7977,7990,13
11991,11992,8042,8052,10
11991,11992,8093,8097,4
11991,11992,8108,8123,15
11991,11992,8134,8139,5
11991,11992,9019,9035,16
11991,11992,9092,9108,16
11991,11992,9136,9148,12
11991,11992,9182,9203,21
11991,11992,9250,9264,14
11991,11992,9570,9584,14
11991,11992,10505,10538,33
11991,11992,10546,10547,1
11991,11992,10595,10609,14
11991,11992,10797,10832,35
11991,11992,10871,10897,26
11991,11992,11154,11176,22
11991,11992,12102,12103,1
11991,11992,12109,12124,15
11991,11992,12127,12128,1
11991,11992,12138,12190,52
11991,11992,12192,12243,51
11991,11992,12995,12997,2
11991,11992,13549,13588,39
11991,11992,13630,13631,1
11991,11992,13633,13638,5
11991,11992,13766,13780,14
11991,11992,13791,13808,17
11991,11992,13861,13890,29
11991,11992,14230,14317,87
11991,11992,14346,14380,34
11991,11992,15390,15393,3
11991,11992,16389,16440,51
11991,11992,16895,16909,14
11991,11992,16912,16915,3
11991,11992,17737,17755,18
11991,11992,17825,17842,17
11991,11992,18021,18035,14
11991,11992,18041,18063,22
11991,11992,18101,18126,25
11991,11992,18161,18181,20
11991,11992,19433,19536,103
11991,11992,20247,20261,14
11991,11992,20648,20672,24
11991,11992,20681,20725,44
11991,11992,20849,20876,27
11991,11992,20916,20935,19
11991,11992,20972,20988,16
11991,11992,21140,21168,28
11991,11992,21385,21430,45
11991,11992,21466,21487,21
11991,11992,21717,21736,19
11991,11992,22214,22216,2
11991,11992,23000,23020,20
11991,11992,23217,23256,39
11991,11992,23274,23314,40
11991,11992,23509,23513,4
11991,11992,23564,23575,11
11991,11992,23625,23715,90
11991,11992,23717,23725,8
11991,11992,24689,24712,23
11991,11992,24755,24781,26
11991,11992,26046,26056,10
11991,11992,26065,26067,2
11991,11992,26079,26098,19
11991,11992,26215,26222,7
11991,11992,27502,27507,5
11991,11992,27516,27521,5
11991,11993,306,366,60
11991,11993,398,443,45
11991,11993,525,595,70
11991,11993,604,623,19
11991,11993,816,833,17
11991,11993,3157,3197,40
11991,11993,3427,3430,3
11991,11993,5285,5299,14
11991,11993,5697,5712,15
11991,11993,6156,6174,18
11991,11993,6433,6460,27
11991,11993,6642,6656,14
11991,11993,6658,6665,7
11991,11993,6685,6703,18
11991,11993,6748,6777,29
11991,11993,6786,6823,37
11991,11993,6873,6876,3
11991,11993,6878,6879,1
11991,11993,6881,6886,5
11991,11993,8143,8197,54
11991,11993,9570,9585,15
11991,11993,9590,9591,1
11991,11993,9721,9741,20
11991,11993,10170,10187,17
11991,11993,10294,10304,10
11991,11993,10331,10334,3
11991,11993,10379,10399,20
11991,11993,11678,11699,21
11991,11993,11704,11718,14
11991,11993,13208,13225,17
11991,11993,14597,14614,17
11991,11993,14755,14799,44
11991,11993,14818,14841,23
11991,11993,14935,14953,18
11991,11993,16951,16968,17
11991,11993,19044,19073,29
11991,11993,19300,19314,14
11991,11993,19465,19486,21
11991,11993,19929,19933,4
11991,11993,20792,20793,1
11991,11993,20802,20809,7
11991,11993,21531,21544,13
11991,11993,22185,22198,13
11991,11993,22686,22714,28
11991,11993,22867,22898,31
11991,11993,23745,23765,20
11991,11993,24727,24754,27
11991,11993,24849,24851,2
11991,11993,24987,25027,40
11991,11993,25831,25839,8
11991,11993,26264,26297,33
11991,11993,26359,26377,18
11991,11994,31,36,5
11991,11994,54,82,28
11991,11994,111,125,14
11991,11994,1234,1260,26
11991,11994,1266,1267,1
11991,11994,1285,1294,9
11991,11994,1462,1480,18
11991,11994,1509,1522,13
11991,11994,1552,1564,12
11991,11994,1607,1624,17
11991,11994,1638,1660,22
11991,11994,1855,1866,11
11991,11994,2127,2145,18
11991,11994,2252,2264,12
11991,11994,3892,3972,80
11991,11994,4029,4058,29
11991,11994,4296,4345,49
11991,11994,4750,4766,16
11991,11994,4884,4887,3
11991,11994,5060,5080,20
11991,11994,5102,5184,82
11991,11994,5199,5200,1
11991,11994,5844,5846,2
11991,11994,5897,5900,3
11991,11994,5908,5909,1
11991,11994,5912,5916,4
11991,11994,5919,5921,2
11991,11994,6000,6023,23
11991,11994,6057,6062,5
11991,11994,6067,6068,1
11991,11994,6178,6234,56
11991,11994,6262,6277,15
11991,11994,7596,7665,69
11991,11994,7965,7972,7
11991,11994,8006,8031,25
11991,11994,9261,9288,27
11991,11994,9300,9319,19
11991,11994,9338,9345,7
11991,11994,9357,9373,16
11991,11994,11356,11422,66
11991,11994,12929,12943,14
11991,11994,12970,12971,1
11991,11994,13195,13225,30
11991,11994,13227,13236,9
11991,11994,13251,13262,11
11991,11994,16644,16680,36
11991,11994,16702,16716,14
11991,11994,16722,16731,9
11991,11994,17060,17139,79
11991,11994,17150,17153,3
11991,11994,18050,18057,7
11991,11994,18139,18164,25
11991,11994,18187,18207,20
11991,11994,18553,18561,8
11991,11994,18731,18766,35
11991,11994,18873,18897,24
11991,11994,19415,19418,3
11991,11994,19421,19429,8
11991,11994,19603,19605,2
11991,11994,19942,19962,20
11991,11994,21418,21421,3
11991,11994,21424,21425,1
11991,11994,21610,21629,19
11991,11994,22641,22757,116
11991,11994,23601,23628,27
11991,11994,23711,23732,21
11991,11994,23738,23750,12
11991,11994,23792,23795,3
11991,11994,23799,23800,1
11991,11994,25656,25688,32
11991,11994,25980,26003,23
11991,11994,26215,26227,12
11991,11994,26255,26269,14
11991,11994,26285,26291,6
11991,11994,26307,26313,6
11991,11994,26316,26318,2
11991,11994,26328,26330,2
11991,11994,27983,28053,70
11991,11994,28063,28104,41
11991,11994,28106,28124,18
11991,11994,28237,28252,15
11991,11994,28270,28341,71
11991,11994,28373,28404,31
11991,11994,28409,28412,3
11991,11994,28434,28448,14
11991,11995,59,71,12
11991,11995,465,467,2
11991,11995,469,477,8
11991,11995,544,583,39
11991,11995,641,670,29
11991,11995,742,753,11
11991,11995,820,855,35
11991,11995,857,879,22
11991,11995,1445,1448,3
11991,11995,1470,1478,8
11991,11995,1565,1580,15
11991,11995,3117,3126,9
11991,11995,3644,3666,22
11991,11995,3711,3713,2
11991,11995,3715,3728,13
11991,11995,3788,3805,17
11991,11995,6014,6020,6
11991,11995,6088,6099,11
11991,11995,7564,7572,8
11991,11995,7582,7583,1
11991,11995,7585,7586,1
11991,11995,7672,7681,9
11991,11995,7683,7690,7
11991,11995,7768,7819,51
11991,11995,9748,9754,6
11991,11995,11471,11479,8
11991,11995,11484,11502,18
11991,11995,11721,11730,9
11991,11995,12887,12910,23
11991,11995,13051,13077,26
11991,11995,13079,13101,22
11991,11995,13212,13230,18
11991,11995,13237,13238,1
11991,11995,13311,13328,17
11991,11995,13559,13567,8
11991,11995,16951,16972,21
11991,11995,16983,16985,2
11991,11995,16987,16988,1
11991,11995,17790,17804,14
11991,11995,18216,18233,17
11991,11995,18451,18476,25
11991,11995,18482,18493,11
11991,11995,18584,18606,22
11991,11995,18610,18648,38
11991,11995,19906,19920,14
11991,11995,19937,19945,8
11991,11995,20084,20101,17
11991,11995,20164,20173,9
11991,11995,20633,20646,13
11991,11995,20653,20682,29
11991,11995,20685,20686,1
11991,11995,20688,20691,3
11991,11995,20701,20707,6
11991,11995,20714,20727,13
11991,11995,20748,20759,11
11991,11995,21037,21053,16
11991,11995,21331,21365,34
11991,11995,21436,21459,23
11991,11995,21463,21470,7
11991,11995,21489,21503,14
11991,11995,23665,23668,3
11991,11995,24179,24202,23
11991,11995,24282,24313,31
11991,11995,24736,24754,18
11991,11995,26874,26887,13
11991,11995,26903,26910,7
11991,11995,26913,26938,25
11991,11995,26946,26961,15
11991,11995,27014,27023,9
11991,11995,27035,27074,39
11991,11995,27109,27111,2
11991,11995,27113,27202,89
11991,11995,27753,27767,14
11991,11995,27988,28021,33
11991,11995,28347,28352,5
11991,11995,28740,28797,57
11991,11996,380,382,2
11991,11996,457,473,16
11991,11996,624,645,21
11991,11996,1016,1040,24
11991,11996,1285,1343,58
11991,11996,1372,1387,15
11991,11996,2146,2153,7
11991,11996,2185,2197,12
11991,11996,2629,2682,53
11991,11996,2695,2709,14
11991,11996,2780,2795,15
11991,11996,3720,3726,6
11991,11996,3761,3781,20
11991,11996,4388,4389,1
11991,11996,5161,5179,18
11991,11996,5328,5330,2
11991,11996,5332,5333,1
11991,11996,6393,6407,14
11991,11996,6586,6615,29
11991,11996,6655,6683,28
11991,11996,6695,6718,23
11991,11996,6724,6725,1
11991,11996,6728,6731,3
11991,11996,7246,7264,18
11991,11996,8090,8108,18
11991,11996,8144,8153,9
11991,11996,8184,8194,10
11991,11996,8196,8236,40
11991,11996,10296,10312,16
11991,11996,10862,10891,29
11991,11996,10944,10952,8
11991,11996,10955,11004,49
11991,11996,12425,12444,19
11991,11996,12890,12909,19
11991,11996,13331,13342,11
11991,11996,14731,14759,28
11991,11996,15389,15393,4
11991,11996,15397,15398,1
11991,11996,15496,15525,29
11991,11996,15550,15560,10
11991,11996,15562,15622,60
11991,11996,15803,15810,7
11991,11996,15826,15833,7
11991,11996,15835,15845,10
11991,11996,16618,16634,16
11991,11996,17012,17031,19
11991,11996,17059,17080,21
11991,11996,17216,17217,1
11991,11996,17788,17791,3
11991,11996,17795,17828,33
11991,11996,17832,17835,3
11991,11996,17840,17854,14
11991,11996,17927,17957,30
11991,11996,18978,19012,34
11991,11996,19015,19025,10
11991,11996,19031,19047,16
11991,11996,19106,19130,24
11991,11996,19272,19274,2
11991,11996,19282,19291,9
11991,11996,19372,19373,1
11991,11996,19375,19395,20
11991,11996,19403,19417,14
11991,11996,19957,19964,7
11991,11996,20015,20056,41
11991,11996,20176,20183,7
11991,11996,20256,20306,50
11991,11996,20314,20373,59
11991,11996,20382,20386,4
11991,11996,20389,20396,7
11991,11996,21035,21037,2
11991,11996,21039,21052,13
11991,11996,21109,21119,10
11991,11996,21126,21134,8
11991,11996,21270,21282,12
11991,11996,21465,21471,6
11991,11996,21579,21580,1
11991,11996,21953,21957,4
11991,11996,21959,21961,2
11991,11996,22019,22024,5
11991,11996,22027,22090,63
11991,11996,22095,22101,6
11991,11996,22103,22174,71
11991,11996,22176,22200,24
11991,11996,22245,22246,1
11991,11996,22275,22290,15
11991,11996,23356,23358,2
11991,11996,23590,23623,33
11991,11996,23763,23780,17
11991,11996,23790,23791,1
11991,11996,25827,25869,42
11991,11996,25895,25896,1
11991,11996,25948,25972,24
11991,11996,26037,26052,15
11991,11996,26146,26159,13
11991,11997,53,57,4
11991,11997,175,182,7
11991,11997,599,606,7
11991,11997,1363,1369,6
11991,11997,4677,4686,9
11991,11997,5932,5948,16
11991,11997,8037,8049,12
11991,11997,8061,8097,36
11991,11997,8149,8152,3
11991,11997,8155,8157,2
11991,11997,8784,8797,13
11991,11997,8909,8930,21
11991,11997,9535,9544,9
11991,11997,9913,9918,5
11991,11997,10372,10396,24
11991,11997,10569,10580,11
11991,11997,10893,10949,56
11991,11997,11493,11508,15
11991,11997,12123,12125,2
11991,11997,12141,12142,1
11991,11997,12144,12164,20
11991,11997,12168,12172,4
11991,11997,12216,12228,12
11991,11997,12937,12992,55
11991,11997,13002,13024,22
11991,11997,13289,13296,7
11991,11997,13307,13325,18
11991,11997,14140,14148,8
11991,11997,14311,14313,2
11991,11997,14410,14413,3
11991,11997,15152,15166,14
11991,11997,15178,15194,16
11991,11997,15378,15398,20
11991,11997,15480,15508,28
11991,11997,15533,15570,37
11991,11997,15608,15614,6
11991,11997,15779,15783,4
11991,11997,15785,15790,5
11991,11997,15792,15799,7
11991,11997,16541,16548,7
11991,11997,17289,17327,38
11991,11997,17330,17331,1
11991,11997,17505,17534,29
11991,11997,17557,17559,2
11991,11997,17728,17736,8
11991,11997,21419,21442,23
11991,11997,21457,21466,9
11991,11997,21962,21998,36
11991,11997,22002,22014,12
11991,11997,22140,22183,43
11991,11997,23883,23921,38
11991,11997,23931,23955,24
11991,11997,23981,23982,1
11991,11997,25623,25682,59
11991,11997,26032,26046,14
11991,11997,26116,26134,18
11991,11997,26438,26491,53
11991,11997,26613,26628,15
11991,11997,27076,27089,13
11991,11998,251,291,40
11991,11998,298,340,42
11991,11998,742,760,18
11991,11998,791,807,16
11991,11998,1416,1422,6
11991,11998,1726,1746,20
11991,11998,1751,1770,19
11991,11998,2042,2058,16
11991,11998,2998,3056,58
11991,11998,3351,3399,48
11991,11998,3467,3505,38
11991,11998,6738,6756,18
11991,11998,7202,7219,17
11991,11998,8156,8169,13
11991,11998,9338,9341,3
11991,11998,10311,10359,48
11991,11998,11207,11209,2
11991,11998,11211,11212,1
11991,11998,11215,11231,16
11991,11998,11245,11248,3
11991,11998,11270,11272,2
11991,11998,11503,11525,22
11991,11998,12342,12353,11
11991,11998,12652,12664,12
11991,11998,12985,13029,44
11991,11998,13136,13140,4
11991,11998,14509,14514,5
11991,11998,14540,14573,33
11991,11998,14623,14628,5
11991,11998,14631,14705,74
11991,11998,14729,14730,1
11991,11998,14734,14735,1
11991,11998,14740,14746,6
11991,11998,15203,15238,35
11991,11998,15577,15578,1
11991,11998,15581,15582,1
11991,11998,16704,16724,20
11991,11998,16766,16796,30
11991,11998,17575,17627,52
11991,11998,17641,17649,8
11991,11998,17790,17793,3
11991,11998,17797,17807,10
11991,11998,19595,19605,10
11991,11998,19611,19627,16
11991,11998,19684,19691,7
11991,11998,19735,19745,10
11991,11998,20069,20089,20
11991,11998,20707,20754,47
11991,11998,20842,20874,32
11991,11998,20916,20924,8
11991,11998,20938,20939,1
11991,11998,20943,20957,14
11991,11998,21760,21769,9
11991,11998,21771,21773,2
11991,11998,22322,22323,1
11991,11998,22775,22793,18
11991,11998,23901,23937,36
11991,11998,24054,24065,11
11991,11998,25014,25028,14
11991,11998,25113,25127,14
11991,11998,26167,26191,24
11991,11998,26670,26671,1
11991,11998,26723,26729,6
11991,11999,415,417,2
11991,11999,2829,2858,29
11991,11999,4675,4688,13
11991,11999,4860,4870,10
11991,11999,5171,5174,3
11991,11999,5506,5512,6
11991,11999,5545,5560,15
11991,11999,5967,5997,30
11991,11999,7207,7241,34
11991,11999,8018,8034,16
11991,11999,8150,8164,14
11991,11999,8203,8224,21
11991,11999,9081,9085,4
11991,11999,9118,9121,3
11991,11999,9689,9691,2
11991,11999,10000,10010,10
11991,11999,10101,10104,3
11991,11999,10468,10485,17
11991,11999,11582,11586,4
11991,11999,11598,11601,3
11991,11999,11603,11610,7
11991,11999,11632,11657,25
11991,11999,11668,11711,43
11991,11999,11746,11792,46
11991,11999,11804,11813,9
11991,11999,12002,12008,6
11991,11999,12020,12031,11
11991,11999,12454,12467,13
11991,11999,14377,14380,3
11991,11999,14445,14485,40
11991,11999,14493,14497,4
11991,11999,14568,14589,21
11991,11999,15118,15132,14
11991,11999,15215,15219,4
11991,11999,15264,15274,10
11991,11999,16165,16183,18
11991,11999,16547,16551,4
11991,11999,16553,16559,6
11991,11999,17339,17341,2
11991,11999,18124,18138,14
11991,11999,18156,18159,3
11991,11999,18540,18554,14
11991,11999,19144,19153,9
11991,11999,19166,19178,12
11991,11999,19222,19242,20
11991,11999,19374,19428,54
11991,11999,19640,19660,20
11991,11999,19908,19929,21
11991,11999,20409,20417,8
11991,11999,20527,20573,46
11991,11999,20648,20660,12
11991,11999,20736,20754,18
11991,11999,21080,21181,101
11991,11999,21197,21203,6
11991,11999,21579,21585,6
11991,11999,21658,21659,1
11991,11999,21664,21685,21
11991,11999,21719,21723,4
11991,11999,22486,22501,15
11991,11999,22577,22584,7
11991,11999,22762,22778,16
11991,11999,22874,22893,19
11991,11999,23084,23092,8
11991,11999,23130,23144,14
11991,11999,23173,23175,2
11991,11999,23177,23207,30
11991,11999,25072,25093,21
11991,11999,25126,25143,17
11991,12000,330,349,19
11991,12000,397,427,30
11991,12000,441,499,58
11991,12000,585,586,1
11991,12000,847,851,4
11991,12000,1248,1260,12
11991,12000,1274,1298,24
11991,12000,1307,1312,5
11991,12000,1319,1354,35
11991,12000,1699,1726,27
11991,12000,1907,1923,16
11991,12000,2006,2007,1
11991,12000,2169,2173,4
11991,12000,2260,2300,40
11991,12000,2342,2354,12
11991,12000,2846,2863,17
11991,12000,2867,2884,17
11991,12000,3059,3077,18
11991,12000,3123,3141,18
11991,12000,3155,3222,67
11991,12000,3868,3870,2
11991,12000,3966,3993,27
11991,12000,4044,4058,14
11991,12000,4177,4185,8
11991,12000,4194,4237,43
11991,12000,4250,4272,22
11991,12000,4281,4282,1
11991,12000,4292,4307,15
11991,12000,4318,4320,2
11991,12000,5075,5090,15
11991,12000,5093,5094,1
11991,12000,5097,5107,10
11991,12000,5358,5373,15
11991,12000,5524,5527,3
11991,12000,5533,5540,7
11991,12000,6293,6296,3
11991,12000,7727,7735,8
11991,12000,7754,7756,2
11991,12000,7760,7786,26
11991,12000,7806,7842,36
11991,12000,7845,7846,1
11991,12000,7851,7853,2
11991,12000,7888,7894,6
11991,12000,7897,7898,1
11991,12000,7906,7950,44
11991,12000,8247,8256,9
11991,12000,8273,8285,12
11991,12000,9253,9273,20
11991,12000,9585,9647,62
11991,12000,10808,10854,46
11991,12000,12321,12323,2
11991,12000,12846,12866,20
11991,12000,12879,12883,4
11991,12000,12886,12887,1
11991,12000,12976,12984,8
11991,12000,13389,13423,34
11991,12000,13472,13536,64
11991,12000,13768,13774,6
11991,12000,13778,13791,13
11991,12000,14716,14717,1
11991,12000,15387,15399,12
11991,12000,15513,15553,40
11991,12000,15561,15562,1
11991,12000,15567,15573,6
11991,12000,15576,15580,4
11991,12000,15589,15614,25
11991,12000,15664,15673,9
11991,12000,15683,15704,21
11991,12000,15922,15929,7
11991,12000,16094,16095,1
11991,12000,16120,16172,52
11991,12000,16309,16312,3
11991,12000,16437,16458,21
11991,12000,16610,16618,8
11991,12000,17220,17225,5
11991,12000,17903,17922,19
11991,12000,18751,18759,8
11991,12000,19148,19153,5
11991,12000,19505,19541,36
11991,12000,19777,19805,28
11991,12000,19881,19904,23
11991,12000,20893,20896,3
11991,12000,21718,21728,10
11991,12000,22111,22135,24
11991,12000,22137,22178,41
11991,12000,23411,23420,9
11991,12000,23433,23435,2
11991,12000,24224,24243,19
11991,12000,24500,24519,19
11991,12000,24577,24578,1
11991,12000,24584,24600,16
11991,12000,26113,26118,5
11991,12000,26125,26137,12
11991,12000,26139,26140,1
11991,12000,26189,26198,9
11991,12000,26505,26506,1
11991,12000,27183,27204,21
11991,12000,27331,27363,32
11991,12000,27365,27367,2
11991,12000,27377,27417,40
11991,12000,27461,27477,16
11991,12000,27547,27616,69
11991,12000,27618,27633,15
11991,12000,27910,27916,6
11991,12000,28302,28332,30
11992,11993,766,771,5
11992,11993,1424,1442,18
11992,11993,2341,2345,4
11992,11993,2347,2375,28
11992,11993,2410,2423,13
11992,11993,2461,2473,12
11992,11993,3195,3211,16
11992,11993,3393,3395,2
11992,11993,3469,3471,2
11992,11993,3653,3678,25
11992,11993,5042,5075,33
11992,11993,5963,6007,44
11992,11993,6092,6191,99
11992,11993,6654,6658,4
11992,11993,6706,6759,53
11992,11993,6872,6879,7
11992,11993,7013,7038,25
11992,11993,7084,7141,57
11992,11993,7276,7296,20
11992,11993,7309,7337,28
11992,11993,7341,7342,1
11992,11993,7345,7391,46
11992,11993,7518,7541,23
11992,11993,7577,7594,17
11992,11993,7717,7727,10
11992,11993,8235,8245,10
11992,11993,8264,8308,44
11992,11993,9557,9596,39
11992,11993,10241,10249,8
11992,11993,10854,10857,3
11992,11993,10859,10863,4
11992,11993,11025,11041,16
11992,11993,11223,11285,62
11992,11993,11361,11376,15
11992,11993,11388,11413,25
11992,11993,11440,11445,5
11992,11993,11559,11567,8
11992,11993,11656,11666,10
11992,11993,12379,12423,44
11992,11993,12638,12664,26
11992,11993,12854,12873,19
11992,11993,12904,12915,11
11992,11993,13200,13202,2
11992,11993,14074,14086,12
11992,11993,14100,14113,13
11992,11993,15618,15620,2
11992,11993,15950,15960,10
11992,11993,16482,16542,60
11992,11993,16547,16556,9
11992,11993,17281,17304,23
11992,11993,17316,17351,35
11992,11993,17375,17409,34
11992,11993,17704,17712,8
11992,11993,18070,18081,11
11992,11993,18376,18389,13
11992,11993,18512,18544,32
11992,11993,18546,18547,1
11992,11993,19464,19485,21
11992,11993,19538,19553,15
11992,11993,19707,19791,84
11992,11993,19897,19900,3
11992,11993,20055,20064,9
11992,11993,20306,20328,22
11992,11993,20363,20372,9
11992,11993,21095,21113,18
11992,11993,21123,21124,1
11992,11993,22047,22055,8
11992,11993,22173,22186,13
11992,11993,22277,22285,8
11992,11993,23156,23176,20
11992,11993,23852,23855,3
11992,11993,23866,23891,25
11992,11993,23893,23901,8
11992,11993,23904,23935,31
11992,11993,24632,24637,5
11992,11993,24639,24646,7
11992,11993,24656,24663,7
11992,11993,26103,26111,8
11992,11993,26560,26566,6
11992,11993,26636,26691,55
11992,11993,26845,26846,1
11992,11993,26982,26984,2
11992,11993,26987,27031,44
11992,11993,27083,27095,12
11992,11993,27123,27145,22
11992,11993,27371,27373,2
11992,11993,27380,27395,15
11992,11993,28142,28161,19
11992,11993,28191,28193,2
11992,11993,28196,28197,1
11992,11993,28282,28298,16
11992,11993,28301,28320,19
11992,11993,28324,28341,17
11992,11993,28377,28425,48
11992,11994,122,140,18
11992,11994,349,356,7
11992,11994,571,601,30
11992,11994,999,1008,9
11992,11994,1019,1024,5
11992,11994,3701,3721,20
11992,11994,4517,4547,30
11992,11994,4560,4566,6
11992,11994,4578,4591,13
11992,11994,4600,4617,17
11992,11994,4628,4629,1
11992,11994,4672,4723,51
11992,11994,4761,4765,4
11992,11994,4773,4781,8
11992,11994,5233,5259,26
11992,11994,5261,5306,45
11992,11994,5376,5394,18
11992,11994,5648,5657,9
11992,11994,6699,6710,11
11992,11994,7966,7971,5
11992,11994,9240,9255,15
11992,11994,9258,9261,3
11992,11994,12311,12312,1
11992,11994,12314,12319,5
11992,11994,12408,12429,21
11992,11994,12749,12765,16
11992,11994,12806,12817,11
11992,11994,12838,12857,19
11992,11994,12866,12887,21
11992,11994,13200,13202,2
11992,11994,13417,13422,5
11992,11994,13447,13461,14
11992,11994,14049,14050,1
11992,11994,15662,15664,2
11992,11994,15679,15699,20
11992,11994,15734,15735,1
11992,11994,15794,15832,38
11992,11994,15931,15945,14
11992,11994,16218,16235,17
11992,11994,16334,16352,18
11992,11994,18012,18017,5
11992,11994,18253,18353,100
11992,11994,21419,21425,6
11992,11994,21441,21449,8
11992,11994,22642,22646,4
11992,11994,23312,23331,19
11992,11994,23379,23386,7
11992,11994,23417,23421,4
11992,11994,23441,23453,12
11992,11994,24051,24068,17
11992,11994,24129,24130,1
11992,11994,24137,24156,19
11992,11994,24159,24160,1
11992,11994,24167,24182,15
11992,11994,24199,24215,16
11992,11994,24217,24219,2
11992,11994,24223,24249,26
11992,11994,24265,24289,24
11992,11994,24916,24927,11
11992,11994,24929,24957,28
11992,11994,24972,24983,11
11992,11994,25715,25742,27
11992,11994,25835,25941,106
11992,11994,26116,26163,47
11992,11994,26204,26236,32
11992,11994,26657,26689,32
11992,11994,26843,26844,1
11992,11994,27395,27408,13
11992,11995,0,35,35
11992,11995,141,145,4
11992,11995,250,277,27
11992,11995,481,508,27
11992,11995,763,789,26
11992,11995,1597,1606,9
11992,11995,2285,2304,19
11992,11995,2535,2553,18
11992,11995,3015,3100,85
11992,11995,3413,3423,10
11992,11995,5245,5259,14
11992,11995,5346,5360,14
11992,11995,5370,5372,2
11992,11995,5383,5399,16
11992,11995,5493,5518,25
11992,11995,5576,5577,1
11992,11995,5642,5664,22
11992,11995,6300,6301,1
11992,11995,7916,7926,10
11992,11995,10079,10153,74
11992,11995,10816,10827,11
11992,11995,10902,10934,32
11992,11995,11212,11218,6
11992,11995,11227,11258,31
11992,11995,11344,11348,4
11992,11995,12281,12295,14
11992,11995,12348,12354,6
11992,11995,12727,12743,16
11992,11995,12842,12850,8
11992,11995,12860,12861,1
11992,11995,13121,13155,34
11992,11995,13425,13440,15
11992,11995,13465,13466,1
11992,11995,13468,13508,40
11992,11995,13570,13598,28
11992,11995,14747,14768,21
11992,11995,14773,14776,3
11992,11995,14795,14798,3
11992,11995,14807,14831,24
11992,11995,15465,15467,2
11992,11995,15469,15477,8
11992,11995,15484,15487,3
11992,11995,15555,15568,13
11992,11995,15606,15669,63
11992,11995,16684,16718,34
11992,11995,16785,16786,1
11992,11995,16792,16798,6
11992,11995,17546,17586,40
11992,11995,17658,17665,7
11992,11995,17671,17691,20
11992,11995,18242,18283,41
11992,11995,18308,18322,14
11992,11995,19731,19770,39
11992,11995,20485,20540,55
11992,11995,20666,20719,53
11992,11995,20773,20791,18
11992,11995,20804,20807,3
11992,11995,21472,21475,3
11992,11995,22696,22701,5
11992,11995,23058,23064,6
11992,11995,23664,23667,3
11992,11995,24461,24497,36
11992,11995,24528,24541,13
11992,11995,24636,24649,13
11992,11996,1050,1067,17
11992,11996,1107,1140,33
11992,11996,1318,1379,61
11992,11996,1616,1623,7
11992,11996,1635,1651,16
11992,11996,1740,1769,29
11992,11996,2332,2353,21
11992,11996,2359,2360,1
11992,11996,2465,2475,10
11992,11996,3973,3995,22
11992,11996,3999,4001,2
11992,11996,4003,4004,1
11992,11996,4006,4056,50
11992,11996,4058,4102,44
11992,11996,4158,4176,18
11992,11996,4207,4210,3
11992,11996,6501,6547,46
11992,11996,6720,6752,32
11992,11996,7066,7098,32
11992,11996,7608,7651,43
11992,11996,7692,7700,8
11992,11996,8080,8096,16
11992,11996,8124,8147,23
11992,11996,8177,8178,1
11992,11996,8183,8223,40
11992,11996,8272,8294,22
11992,11996,8299,8314,15
11992,11996,8321,8368,47
11992,11996,8371,8373,2
11992,11996,8375,8376,1
11992,11996,8395,8396,1
11992,11996,8402,8415,13
11992,11996,8417,8439,22
11992,11996,10211,10234,23
11992,11996,10247,10254,7
11992,11996,10429,10434,5
11992,11996,10874,10882,8
11992,11996,11201,11210,9
11992,11996,12435,12436,1
11992,11996,12542,12556,14
11992,11996,12631,12644,13
11992,11996,12673,12705,32
11992,11996,12729,12746,17
11992,11996,13321,13330,9
11992,11996,13936,13944,8
11992,11996,14037,14057,20
11992,11996,15313,15317,4
11992,11996,15358,15360,2
11992,11996,15363,15402,39
11992,11996,15417,15419,2
11992,11996,15421,15458,37
11992,11996,17620,17625,5
11992,11996,17640,17643,3
11992,11996,17841,17844,3
11992,11996,17879,17894,15
11992,11996,17914,17923,9
11992,11996,18176,18177,1
11992,11996,18206,18216,10
11992,11996,18491,18494,3
11992,11996,19556,19603,47
11992,11996,19784,19800,16
11992,11996,19964,19985,21
11992,11996,20194,20251,57
11992,11996,21294,21298,4
11992,11996,21312,21341,29
11992,11996,21369,21381,12
11992,11996,21439,21467,28
11992,11996,21469,21476,7
11992,11996,22436,22461,25
11992,11996,23537,23538,1
11992,11996,23540,23592,52
11992,11996,23798,23814,16
11992,11996,23968,23969,1
11992,11996,24001,24032,31
11992,11996,24057,24081,24
11992,11996,24282,24285,3
11992,11996,24287,24290,3
11992,11996,24300,24301,1
11992,11996,24304,24357,53
11992,11996,24589,24596,7
11992,11996,24762,24769,7
11992,11996,24771,24772,1
11992,11996,24786,24828,42
11992,11996,26049,26081,32
11992,11996,26102,26129,27
11992,11996,26247,26249,2
11992,11996,26263,26277,14
11992,11996,26386,26425,39
11992,11996,26470,26489,19
11992,11996,27316,27331,15
11992,11996,27357,27366,9
11992,11996,27373,27378,5
11992,11996,27807,27821,14
11992,11997,172,200,28
11992,11997,234,235,1
11992,11997,888,900,12
11992,11997,970,980,10
11992,11997,1356,1368,12
11992,11997,1600,1615,15
11992,11997,3363,3374,11
11992,11997,3513,3521,8
11992,11997,3524,3526,2
11992,11997,3867,3895,28
11992,11997,3900,3910,10
11992,11997,4080,4090,10
11992,11997,4119,4147,28
11992,11997,4166,4188,22
11992,11997,5282,5283,1
11992,11997,5290,5291,1
11992,11997,5640,5719,79
11992,11997,7245,7260,15
11992,11997,7619,7631,12
11992,11997,7668,7712,44
11992,11997,7737,7752,15
11992,11997,7925,7936,11
11992,11997,7993,7999,6
11992,11997,8005,8053,48
11992,11997,8055,8066,11
11992,11997,8078,8083,5
11992,11997,8233,8240,7
11992,11997,8251,8256,5
11992,11997,8258,8260,2
11992,11997,8848,8866,18
11992,11997,8902,8903,1
11992,11997,8910,8912,2
11992,11997,9628,9665,37
11992,11997,9679,9709,30
11992,11997,10214,10219,5
11992,11997,10887,10903,16
11992,11997,10991,11041,50
11992,11997,11979,11989,10
11992,11997,12048,12068,20
11992,11997,12107,12128,21
11992,11997,12130,12133,3
11992,11997,12135,12196,61
11992,11997,12219,12227,8
11992,11997,12244,12262,18
11992,11997,12387,12401,14
11992,11997,12633,12654,21
11992,11997,12717,12731,14
11992,11997,12776,12789,13
11992,11997,12831,12840,9
11992,11997,12929,12934,5
11992,11997,13033,13050,17
11992,11997,13057,13073,16
11992,11997,13198,13213,15
11992,11997,13215,13244,29
11992,11997,14312,14347,35
11992,11997,14555,14592,37
11992,11997,14659,14685,26
11992,11997,15256,15268,12
11992,11997,15340,15347,7
11992,11997,15386,15399,13
11992,11997,18227,18236,9
11992,11997,18243,18264,21
11992,11997,18429,18433,4
11992,11997,18495,18515,20
11992,11997,18837,18838,1
11992,11997,18857,18882,25
11992,11997,18884,18885,1
11992,11997,18902,18920,18
11992,11997,19064,19118,54
11992,11997,19189,19197,8
11992,11997,19203,19206,3
11992,11997,19252,19276,24
11992,11997,19302,19310,8
11992,11997,21418,21432,14
11992,11997,21439,21456,17
11992,11997,21528,21529,1
11992,11997,21534,21547,13
11992,11997,21568,21641,73
11992,11997,22130,22134,4
11992,11997,22279,22293,14
11992,11997,23968,23971,3
11992,11997,24269,24289,20
11992,11997,24486,24507,21
11992,11997,25445,25446,1
11992,11997,25519,25522,3
11992,11998,518,523,5
11992,11998,783,794,11
11992,11998,1618,1623,5
11992,11998,1643,1649,6
11992,11998,1678,1679,1
11992,11998,1683,1696,13
11992,11998,1948,1973,25
11992,11998,2345,2365,20
11992,11998,3648,3660,12
11992,11998,3669,3688,19
11992,11998,3904,3962,58
11992,11998,4093,4111,18
11992,11998,4216,4228,12
11992,11998,4280,4295,15
11992,11998,4297,4299,2
11992,11998,5711,5729,18
11992,11998,5756,5778,22
11992,11998,5782,5785,3
11992,11998,5845,5895,50
11992,11998,5973,5983,10
11992,11998,6037,6050,13
11992,11998,6079,6105,26
11992,11998,6253,6273,20
11992,11998,6597,6617,20
11992,11998,6669,6700,31
11992,11998,6742,6743,1
11992,11998,6745,6759,14
11992,11998,7013,7027,14
11992,11998,7060,7075,15
11992,11998,7099,7144,45
11992,11998,7155,7170,15
11992,11998,7395,7397,2
11992,11998,7400,7405,5
11992,11998,7512,7520,8
11992,11998,8264,8329,65
11992,11998,12539,12574,35
11992,11998,12664,12679,15
11992,11998,12690,12726,36
11992,11998,12793,12816,23
11992,11998,12893,12906,13
11992,11998,12912,12952,40
11992,11998,13152,13184,32
11992,11998,13938,13947,9
11992,11998,14026,14040,14
11992,11998,14082,14118,36
11992,11998,14144,14182,38
11992,11998,15322,15337,15
11992,11998,15905,15912,7
11992,11998,15926,15932,6
11992,11998,15957,15965,8
11992,11998,17013,17030,17
11992,11998,17034,17036,2
11992,11998,18428,18453,25
11992,11998,18509,18514,5
11992,11998,18609,18610,1
11992,11998,18734,18738,4
11992,11998,18740,18775,35
11992,11998,18845,18855,10
11992,11998,18872,18892,20
11992,11998,19115,19132,17
11992,11998,19990,19999,9
11992,11998,20699,20719,20
11992,11998,20770,20776,6
11992,11998,20779,20787,8
11992,11998,20792,20793,1
11992,11998,20821,20852,31
11992,11998,20855,20874,19
11992,11998,20914,20918,4
11992,11998,21495,21499,4
11992,11998,21731,21759,28
11992,11998,21761,21766,5
11992,11998,22292,22293,1
11992,11998,22328,22418,90
11992,11998,22421,22423,2
11992,11998,22444,22467,23
11992,11998,22549,22593,44
11992,11998,23820,23835,15
11992,11998,24595,24597,2
11992,11998,25357,25381,24
11992,11998,25387,25388,1
11992,11998,25991,26005,14
11992,11998,26141,26157,16
11992,11998,27738,27762,24
11992,11998,28045,28067,22
11992,11999,447,463,16
11992,11999,634,642,8
11992,11999,743,747,4
11992,11999,775,787,12
11992,11999,890,893,3
11992,11999,909,917,8
11992,11999,1519,1534,15
11992,11999,2405,2440,35
11992,11999,2443,2447,4
11992,11999,2485,2490,5
11992,11999,2492,2495,3
11992,11999,2497,2531,34
11992,11999,2553,2580,27
11992,11999,2603,2628,25
11992,11999,2755,2781,26
11992,11999,3996,4026,30
11992,11999,4030,4032,2
11992,11999,4169,4189,20
11992,11999,4281,4302,21
11992,11999,4738,4739,1
11992,11999,4743,4752,9
11992,11999,4758,4779,21
11992,11999,4876,4882,6
11992,11999,4906,4929,23
11992,11999,5256,5260,4
11992,11999,7004,7024,20
11992,11999,7034,7069,35
11992,11999,7156,7163,7
11992,11999,7214,7223,9
11992,11999,7668,7688,20
11992,11999,8203,8236,33
11992,11999,8253,8265,12
11992,11999,9759,9761,2
11992,11999,9765,9767,2
11992,11999,9794,9809,15
11992,11999,10024,10025,1
11992,11999,10033,10045,12
11992,11999,10408,10414,6
11992,11999,11606,11628,22
11992,11999,12483,12493,10
11992,11999,14056,14089,33
11992,11999,14381,14388,7
11992,11999,14397,14399,2
11992,11999,14475,14486,11
11992,11999,14901,14926,25
11992,11999,15665,15675,10
11992,11999,17855,17906,51
11992,11999,18032,18043,11
11992,11999,18477,18486,9
11992,11999,18654,18667,13
11992,11999,18724,18781,57
11992,11999,18926,18933,7
11992,11999,19604,19619,15
11992,11999,19776,19821,45
11992,11999,20334,20337,3
11992,11999,20356,20388,32
11992,11999,20602,20612,10
11992,11999,20615,20636,21
11992,11999,20640,20642,2
11992,11999,20644,20674,30
11992,11999,20687,20695,8
11992,11999,20761,20779,18
11992,11999,21139,21164,25
11992,11999,21206,21219,13
11992,11999,21267,21285,18
11992,11999,21304,21318,14
11992,11999,21342,21347,5
11992,11999,21349,21357,8
11992,11999,21359,21366,7
11992,11999,21858,21957,99
11992,11999,21963,21975,12
11992,11999,22629,22646,17
11992,11999,23494,23506,12
11992,11999,23595,23609,14
11992,11999,25413,25427,14
11992,11999,25981,25987,6
11992,11999,26401,26411,10
11992,11999,26775,26794,19
11992,11999,27060,27078,18
11992,11999,27701,27704,3
11992,11999,27725,27746,21
11992,11999,27760,27785,25
11992,11999,28003,28011,8
11992,12000,959,975,16
11992,12000,1118,1208,90
11992,12000,1320,1359,39
11992,12000,1365,1397,32
11992,12000,1543,1551,8
11992,12000,1610,1632,22
11992,12000,1641,1659,18
11992,12000,1661,1662,1
11992,12000,2112,2116,4
11992,12000,2163,2164,1
11992,12000,2726,2742,16
11992,12000,3195,3197,2
11992,12000,3203,3234,31
11992,12000,3777,3784,7
11992,12000,4204,4214,10
11992,12000,4481,4484,3
11992,12000,4486,4488,2
11992,12000,5727,5736,9
11992,12000,5822,5857,35
11992,12000,5910,5924,14
11992,12000,5941,5944,3
11992,12000,5960,5976,16
11992,12000,6050,6072,22
11992,12000,6079,6088,9
11992,12000,6188,6209,21
11992,12000,6237,6248,11
11992,12000,6969,6983,14
11992,12000,7460,7497,37
11992,12000,8432,8434,2
11992,12000,8438,8509,71
11992,12000,8527,8536,9
11992,12000,8620,8627,7
11992,12000,8631,8633,2
11992,12000,8648,8656,8
11992,12000,9248,9262,14
11992,12000,9518,9523,5
11992,12000,9526,9545,19
11992,12000,9558,9576,18
11992,12000,9918,9981,63
11992,12000,10016,10049,33
11992,12000,10152,10213,61
11992,12000,10805,10826,21
11992,12000,10858,10867,9
11992,12000,11190,11208,18
11992,12000,11229,11232,3
11992,12000,11269,11316,47
11992,12000,12715,12729,14
11992,12000,13374,13393,19
11992,12000,13834,13857,23
11992,12000,14336,14348,12
11992,12000,14897,14925,28
11992,12000,15368,15410,42
11992,12000,16250,16267,17
11992,12000,16458,16485,27
11992,12000,16490,16512,22
11992,12000,16593,16604,11
11992,12000,16850,16852,2
11992,12000,16859,16883,24
11992,12000,17419,17420,1
11992,12000,17434,17470,36
11992,12000,17514,17551,37
11992,12000,17555,17562,7
11992,12000,17575,17650,75
11992,12000,17657,17676,19
11992,12000,17858,17869,11
11992,12000,18402,18418,16
11992,12000,18651,18664,13
11992,12000,19073,19079,6
11992,12000,19085,19090,5
11992,12000,19247,19255,8
11992,12000,19514,19566,52
11992,12000,19697,19709,12
11992,12000,20054,20055,1
11992,12000,20059,20060,1
11992,12000,20077,20116,39
11992,12000,20121,20124,3
11992,12000,21713,21720,7
11992,12000,22305,22309,4
11992,12000,22313,22315,2
11992,12000,22343,22352,9
11992,12000,22823,22829,6
11992,12000,24474,24482,8
11992,12000,25234,25252,18
11992,12000,28159,28167,8
11992,12000,28283,28288,5
11992,12000,28624,28652,28
11993,11994,722,764,42
11993,11994,2552,2571,19
11993,11994,2588,2594,6
11993,11994,2644,2685,41
11993,11994,2931,2934,3
11993,11994,8865,8880,15
11993,11994,8883,8889,6
11993,11994,9385,9399,14
11993,11994,10444,10453,9
11993,11994,11736,11747,11
11993,11994,11749,11753,4
11993,11994,11985,12044,59
11993,11994,12355,12374,19
11993,11994,12408,12417,9
11993,11994,12420,12425,5
11993,11994,12529,12532,3
11993,11994,12545,12558,13
11993,11994,12565,12570,5
11993,11994,12659,12668,9
11993,11994,12700,12722,22
11993,11994,12845,12864,19
11993,11994,12890,12901,11
11993,11994,13125,13215,90
11993,11994,14336,14374,38
11993,11994,14477,14524,47
11993,11994,14566,14580,14
11993,11994,16166,16205,39
11993,11994,16362,16367,5
11993,11994,16380,16385,5
11993,11994,16409,16416,7
11993,11994,17495,17509,14
11993,11994,17532,17547,15
11993,11994,17551,17552,1
11993,11994,17554,17555,1
11993,11994,18561,18567,6
11993,11994,19229,19274,45
11993,11994,19390,19404,14
11993,11994,19808,19832,24
11993,11994,20186,20187,1
11993,11994,20418,20428,10
11993,11994,21198,21215,17
11993,11994,21228,21231,3
11993,11994,21663,21681,18
11993,11994,22689,22712,23
11993,11994,23406,23416,10
11993,11994,23422,23424,2
11993,11994,23426,23437,11
11993,11994,23580,23608,28
11993,11994,23635,23667,32
11993,11994,23690,23700,10
11993,11994,24581,24611,30
11993,11994,24768,24782,14
11993,11994,24877,24886,9
11993,11994,24892,24906,14
11993,11994,25103,25117,14
11993,11994,25196,25255,59
11993,11994,26291,26294,3
11993,11994,26657,26699,42
11993,11994,26711,26759,48
11993,11994,26799,26824,25
11993,11994,27508,27529,21
11993,11994,28709,28721,12
11993,11994,28742,28775,33
11993,11995,105,108,3
11993,11995,544,551,7
11993,11995,556,582,26
11993,11995,772,783,11
11993,11995,817,827,10
11993,11995,1288,1297,9
11993,11995,2044,2053,9
11993,11995,2061,2130,69
11993,11995,2158,2180,22
11993,11995,2195,2214,19
11993,11995,2228,2241,13
11993,11995,3125,3145,20
11993,11995,3231,3255,24
11993,11995,4549,4554,5
11993,11995,4586,4590,4
11993,11995,4594,4600,6
11993,11995,5303,5306,3
11993,11995,7996,8024,28
11993,11995,8849,8871,22
11993,11995,8929,8974,45
11993,11995,10773,10808,35
11993,11995,10832,10858,26
11993,11995,11243,11261,18
11993,11995,11314,11322,8
11993,11995,11328,11360,32
11993,11995,11589,11601,12
11993,11995,11607,11615,8
11993,11995,11885,11915,30
11993,11995,12053,12075,22
11993,11995,12078,12082,4
11993,11995,12085,12087,2
11993,11995,12089,12091,2
11993,11995,12093,12105,12
11993,11995,12706,12725,19
11993,11995,12844,12862,18
11993,11995,12983,12999,16
11993,11995,13154,13158,4
11993,11995,13192,13229,37
11993,11995,13249,13303,54
11993,11995,14449,14544,95
11993,11995,15226,15247,21
11993,11995,15375,15397,22
11993,11995,15495,15496,1
11993,11995,15499,15502,3
11993,11995,15518,15528,10
11993,11995,15598,15600,2
11993,11995,16580,16601,21
11993,11995,16949,16974,25
11993,11995,17684,17688,4
11993,11995,17743,17779,36
11993,11995,17795,17801,6
11993,11995,17898,17907,9
11993,11995,18780,18785,5
11993,11995,19729,19741,12
11993,11995,19743,19759,16
11993,11995,19763,19768,5
11993,11995,19823,19846,23
11993,11995,19920,19949,29
11993,11995,19958,19965,7
11993,11995,20129,20143,14
11993,11995,20423,20461,38
11993,11995,20564,20572,8
11993,11995,20577,20593,16
11993,11995,20603,20630,27
11993,11995,23659,23666,7
11993,11995,23668,23702,34
11993,11995,23711,23722,11
11993,11995,24641,24681,40
11993,11995,24725,24774,49
11993,11995,24829,24832,3
11993,11995,25138,25139,1
11993,11995,25143,25145,2
11993,11995,25147,25175,28
11993,11995,25182,25212,30
11993,11995,25420,25426,6
11993,11995,25891,25913,22
11993,11995,25954,25961,7
11993,11995,25971,25980,9
11993,11995,26187,26219,32
11993,11995,26448,26491,43
11993,11995,26523,26524,1
11993,11995,27680,27757,77
11993,11995,27992,28000,8
11993,11995,28265,28309,44
11993,11996,161,252,91
11993,11996,387,401,14
11993,11996,638,659,21
11993,11996,1768,1780,12
11993,11996,1803,1826,23
11993,11996,1850,1856,6
11993,11996,1858,1859,1
11993,11996,2369,2378,9
11993,11996,2428,2472,44
11993,11996,2796,2886,90
11993,11996,4580,4631,51
11993,11996,5747,5790,43
11993,11996,6685,6692,7
11993,11996,6721,6759,38
11993,11996,6830,6834,4
11993,11996,6849,6853,4
11993,11996,6917,6923,6
11993,11996,6945,6947,2
11993,11996,7041,7073,32
11993,11996,7084,7098,14
11993,11996,8144,8160,16
11993,11996,8279,8302,23
11993,11996,8307,8317,10
11993,11996,8593,8614,21
11993,11996,8632,8635,3
11993,11996,8638,8639,1
11993,11996,8984,8993,9
11993,11996,10276,10292,16
11993,11996,10306,10327,21
11993,11996,10794,10803,9
11993,11996,10831,10848,17
11993,11996,10891,10943,52
11993,11996,11730,11747,17
11993,11996,11834,11859,25
11993,11996,11862,11876,14
11993,11996,11969,12047,78
11993,11996,12506,12510,4
11993,11996,12583,12597,14
11993,11996,12997,13032,35
11993,11996,13044,13106,62
11993,11996,13424,13438,14
11993,11996,13594,13602,8
11993,11996,13645,13651,6
11993,11996,13688,13701,13
11993,11996,13721,13744,23
11993,11996,13760,13778,18
11993,11996,13969,13983,14
11993,11996,14008,14016,8
11993,11996,14258,14282,24
11993,11996,14287,14289,2
11993,11996,14345,14368,23
11993,11996,14525,14540,15
11993,11996,14555,14567,12
11993,11996,14682,14714,32
11993,11996,14846,14873,27
11993,11996,15054,15091,37
11993,11996,15677,15688,11
11993,11996,15690,15691,1
11993,11996,15693,15711,18
11993,11996,15912,15934,22
11993,11996,16065,16086,21
11993,11996,16421,16423,2
11993,11996,16884,16888,4
11993,11996,16893,16898,5
11993,11996,17568,17573,5
11993,11996,17578,17584,6
11993,11996,18149,18150,1
11993,11996,18152,18157,5
11993,11996,18214,18248,34
11993,11996,18733,18760,27
11993,11996,18811,18832,21
11993,11996,18923,18936,13
11993,11996,19625,19638,13
11993,11996,19784,19807,23
11993,11996,19811,19816,5
11993,11996,20108,20139,31
11993,11996,20524,20548,24
11993,11996,20740,20749,9
11993,11996,20758,20770,12
11993,11996,20774,20775,1
11993,11996,20908,20917,9
11993,11996,20944,20954,10
11993,11996,20956,20958,2
11993,11996,20961,20969,8
11993,11996,22200,22231,31
11993,11996,22236,22250,14
11993,11996,22407,22425,18
11993,11996,22471,22487,16
11993,11996,22501,22508,7
11993,11996,22513,22533,20
11993,11996,22535,22537,2
11993,11996,23637,23639,2
11993,11996,23641,23645,4
11993,11996,23740,23742,2
11993,11996,24234,24239,5
11993,11996,24259,24260,1
11993,11996,25121,25142,21
11993,11996,25266,25272,6
11993,11996,25810,25827,17
11993,11996,25835,25847,12
11993,11996,25849,25851,2
11993,11996,26092,26101,9
11993,11996,26303,26333,30
11993,11996,27405,27412,7
11993,11996,27529,27568,39
11993,11996,27627,27657,30
11993,11996,27666,27670,4
11993,11996,27674,27679,5
11993,11996,28682,28699,17
11993,11996,28703,28707,4
11993,11996,28724,28733,9
11993,11997,474,484,10
11993,11997,1951,1965,14
11993,11997,1980,1984,4
11993,11997,1988,1990,2
11993,11997,2927,2950,23
11993,11997,2997,3013,16
11993,11997,3308,3310,2
11993,11997,3320,3321,1
11993,11997,3407,3415,8
11993,11997,3691,3709,18
11993,11997,3844,3858,14
11993,11997,3910,3918,8
11993,11997,4252,4288,36
11993,11997,4302,4308,6
11993,11997,4650,4652,2
11993,11997,4655,4662,7
11993,11997,4681,4689,8
11993,11997,7754,7775,21
11993,11997,8124,8138,14
11993,11997,8211,8214,3
11993,11997,8216,8217,1
11993,11997,8235,8250,15
11993,11997,9405,9444,39
11993,11997,10361,10397,36
11993,11997,10954,10980,26
11993,11997,11015,11036,21
11993,11997,11789,11793,4
11993,11997,11829,11837,8
11993,11997,12390,12402,12
11993,11997,12426,12439,13
11993,11997,12443,12461,18
11993,11997,12611,12653,42
11993,11997,13162,13211,49
11993,11997,13246,13248,2
11993,11997,18210,18226,16
11993,11997,18324,18325,1
11993,11997,18361,18370,9
11993,11997,19336,19341,5
11993,11997,19343,19381,38
11993,11997,19587,19605,18
11993,11997,20646,20680,34
11993,11997,20874,20912,38
11993,11997,21114,21133,19
11993,11997,21928,21933,5
11993,11997,22072,22083,11
11993,11997,22198,22238,40
11993,11997,22268,22283,15
11993,11997,22980,23008,28
11993,11997,23025,23043,18
11993,11997,24238,24257,19
11993,11997,25928,25974,46
11993,11998,313,342,29
11993,11998,346,348,2
11993,11998,904,907,3
11993,11998,909,956,47
11993,11998,2307,2367,60
11993,11998,3066,3078,12
11993,11998,3643,3654,11
11993,11998,3668,3702,34
11993,11998,3817,3832,15
11993,11998,3835,3840,5
11993,11998,3884,3900,16
11993,11998,4034,4061,27
11993,11998,4169,4173,4
11993,11998,4639,4655,16
11993,11998,4669,4697,28
11993,11998,4726,4742,16
11993,11998,4786,4798,12
11993,11998,6096,6105,9
11993,11998,6216,6227,11
11993,11998,6740,6759,19
11993,11998,6959,7065,106
11993,11998,7100,7144,44
11993,11998,7458,7495,37
11993,11998,7497,7501,4
11993,11998,7505,7524,19
11993,11998,7627,7641,14
11993,11998,7658,7669,11
11993,11998,7725,7736,11
11993,11998,7845,7878,33
11993,11998,8161,8166,5
11993,11998,8283,8310,27
11993,11998,8341,8356,15
11993,11998,8399,8413,14
11993,11998,8441,8442,1
11993,11998,8504,8512,8
11993,11998,8582,8590,8
11993,11998,8673,8720,47
11993,11998,10325,10333,8
11993,11998,10665,10726,61
11993,11998,12873,12886,13
11993,11998,12898,12915,17
11993,11998,13115,13148,33
11993,11998,13330,13366,36
11993,11998,13604,13631,27
11993,11998,13749,13758,9
11993,11998,14066,14083,17
11993,11998,14094,14121,27
11993,11998,16107,16127,20
11993,11998,16258,16281,23
11993,11998,17774,17801,27
11993,11998,18439,18444,5
11993,11998,21901,21928,27
11993,11998,22268,22280,12
11993,11998,22610,22642,32
11993,11998,23787,23794,7
11993,11998,23802,23817,15
11993,11998,24927,24928,1
11993,11998,24949,24953,4
11993,11998,25011,25051,40
11993,11998,25057,25076,19
11993,11998,25702,25725,23
11993,11998,26055,26073,18
11993,11998,27261,27290,29
11993,11998,27304,27305,1
11993,11998,28583,28595,12
11993,11999,101,150,49
11993,11999,190,195,5
11993,11999,260,263,3
11993,11999,271,297,26
11993,11999,743,751,8
11993,11999,1071,1073,2
11993,11999,1077,1093,16
11993,11999,1095,1101,6
11993,11999,1143,1199,56
11993,11999,1201,1222,21
11993,11999,1836,1855,19
11993,11999,1985,1987,2
11993,11999,1997,2024,27
11993,11999,2032,2050,18
11993,11999,2077,2117,40
11993,11999,2264,2267,3
11993,11999,2398,2426,28
11993,11999,2468,2482,14
11993,11999,5299,5344,45
11993,11999,6974,6994,20
11993,11999,7056,7057,1
11993,11999,7059,7089,30
11993,11999,7713,7740,27
11993,11999,7868,7870,2
11993,11999,7933,7942,9
11993,11999,7966,7982,16
11993,11999,8038,8078,40
11993,11999,8082,8119,37
11993,11999,8156,8166,10
11993,11999,8235,8256,21
11993,11999,8318,8328,10
11993,11999,8367,8369,2
11993,11999,8398,8403,5
11993,11999,8502,8512,10
11993,11999,8576,8615,39
11993,11999,8630,8637,7
11993,11999,8771,8799,28
11993,11999,8851,8871,20
11993,11999,8893,8908,15
11993,11999,8997,8999,2
11993,11999,9427,9430,3
11993,11999,9653,9711,58
11993,11999,10127,10167,40
11993,11999,11677,11690,13
11993,11999,12498,12532,34
11993,11999,12540,12565,25
11993,11999,13282,13309,27
11993,11999,13330,13379,49
11993,11999,13390,13408,18
11993,11999,13412,13414,2
11993,11999,13424,13437,13
11993,11999,13439,13440,1
11993,11999,13775,13777,2
11993,11999,13797,13807,10
11993,11999,13809,13838,29
11993,11999,13842,13854,12
11993,11999,13962,13969,7
11993,11999,14073,14097,24
11993,11999,14184,14185,1
11993,11999,14187,14214,27
11993,11999,14692,14749,57
11993,11999,15206,15207,1
11993,11999,16647,16663,16
11993,11999,16685,16711,26
11993,11999,16713,16717,4
11993,11999,16786,16806,20
11993,11999,16875,16880,5
11993,11999,17882,17887,5
11993,11999,17979,18026,47
11993,11999,19694,19695,1
11993,11999,19702,19703,1
11993,11999,19709,19713,4
11993,11999,19776,19795,19
11993,11999,19821,19823,2
11993,11999,19825,19837,12
11993,11999,19888,19892,4
11993,11999,19924,19933,9
11993,11999,19940,19949,9
11993,11999,19958,19970,12
11993,11999,20272,20296,24
11993,11999,20319,20323,4
11993,11999,20362,20367,5
11993,11999,20383,20411,28
11993,11999,20578,20591,13
11993,11999,22878,22895,17
11993,11999,24326,24339,13
11993,11999,24359,24411,52
11993,11999,24424,24437,13
11993,11999,25055,25061,6
11993,11999,25705,25718,13
11993,11999,25856,25895,39
11993,11999,26386,26387,1
11993,11999,26498,26514,16
11993,11999,26517,26536,19
11993,11999,26564,26608,44
11993,11999,26681,26705,24
11993,11999,27105,27113,8
11993,11999,27570,27585,15
11993,11999,28284,28304,20
11993,11999,28306,28308,2
11993,11999,28340,28344,4
11993,12000,164,182,18
11993,12000,258,312,54
11993,12000,332,430,98
11993,12000,507,527,20
11993,12000,589,596,7
11993,12000,801,810,9
11993,12000,2510,2516,6
11993,12000,3108,3120,12
11993,12000,3123,3127,4
11993,12000,3129,3130,1
11993,12000,3132,3149,17
11993,12000,3153,3159,6
11993,12000,3170,3203,33
11993,12000,5947,5969,22
11993,12000,6179,6200,21
11993,12000,7675,7686,11
11993,12000,9050,9060,10
11993,12000,9523,9580,57
11993,12000,9588,9591,3
11993,12000,9594,9599,5
11993,12000,9665,9688,23
11993,12000,10739,10750,11
11993,12000,10753,10757,4
11993,12000,10760,10761,1
11993,12000,10765,10773,8
11993,12000,10870,10875,5
11993,12000,10909,10963,54
11993,12000,10991,10999,8
11993,12000,11002,11003,1
11993,12000,11268,11280,12
11993,12000,11581,11609,28
11993,12000,11755,11767,12
11993,12000,12184,12185,1
11993,12000,12702,12714,12
11993,12000,12748,12754,6
11993,12000,12769,12810,41
11993,12000,13036,13068,32
11993,12000,13549,13550,1
11993,12000,13552,13575,23
11993,12000,13678,13701,23
11993,12000,16460,16461,1
11993,12000,16497,16504,7
11993,12000,16531,16547,16
11993,12000,16560,16561,1
11993,12000,16628,16662,34
11993,12000,16970,16979,9
11993,12000,17057,17068,11
11993,12000,17246,17259,13
11993,12000,18154,18188,34
11993,12000,18231,18235,4
11993,12000,18287,18318,31
11993,12000,18536,18539,3
11993,12000,19314,19326,12
11993,12000,19541,19554,13
11993,12000,19557,19563,6
11993,12000,19601,19628,27
11993,12000,19669,19702,33
11993,12000,19853,19884,31
11993,12000,19920,19926,6
11993,12000,19935,19964,29
11993,12000,19968,19973,5
11993,12000,19983,20036,53
11993,12000,20041,20042,1
11993,12000,20052,20063,11
11993,12000,21384,21387,3
11993,12000,21454,21491,37
11993,12000,21603,21605,2
11993,12000,21812,21816,4
11993,12000,21819,21856,37
11993,12000,21878,21938,60
11993,12000,22040,22042,2
11993,12000,22045,22080,35
11993,12000,22273,22304,31
11993,12000,23891,23908,17
11993,12000,23953,23959,6
11993,12000,25596,25633,37
11993,12000,28094,28100,6
11993,12000,28124,28150,26
11993,12000,28169,28180,11
11993,12000,28271,28291,20
11994,11995,58,71,13
11994,11995,184,190,6
11994,11995,219,244,25
11994,11995,278,296,18
11994,11995,298,303,5
11994,11995,307,311,4
11994,11995,316,319,3
11994,11995,322,337,15
11994,11995,787,816,29
11994,11995,848,856,8
11994,11995,1152,1155,3
11994,11995,1172,1183,11
11994,11995,1453,1488,35
11994,11995,1500,1511,11
11994,11995,1547,1554,7
11994,11995,1583,1596,13
11994,11995,3326,3353,27
11994,11995,3362,3386,24
11994,11995,3621,3638,17
11994,11995,3973,3984,11
11994,11995,5185,5187,2
11994,11995,5245,5255,10
11994,11995,5343,5344,1
11994,11995,5373,5392,19
11994,11995,5403,5406,3
11994,11995,5412,5416,4
11994,11995,5425,5439,14
11994,11995,5443,5458,15
11994,11995,5460,5463,3
11994,11995,5652,5664,12
11994,11995,5689,5690,1
11994,11995,5696,5700,4
11994,11995,5718,5791,73
11994,11995,5937,5974,37
11994,11995,5982,5985,3
11994,11995,5989,5990,1
11994,11995,6020,6026,6
11994,11995,6392,6421,29
11994,11995,6423,6427,4
11994,11995,7035,7077,42
11994,11995,7155,7168,13
11994,11995,7222,7226,4
11994,11995,7228,7233,5
11994,11995,7269,7280,11
11994,11995,7296,7317,21
11994,11995,7596,7597,1
11994,11995,8060,8081,21
11994,11995,8469,8475,6
11994,11995,8540,8554,14
11994,11995,8727,8774,47
11994,11995,8778,8820,42
11994,11995,9106,9112,6
11994,11995,9118,9137,19
11994,11995,9632,9656,24
11994,11995,9684,9695,11
11994,11995,9957,9967,10
11994,11995,9971,9972,1
11994,11995,10229,10253,24
11994,11995,10633,10650,17
11994,11995,10654,10655,1
11994,11995,10700,10712,12
11994,11995,12135,12163,28
11994,11995,12200,12203,3
11994,11995,12227,12233,6
11994,11995,12269,12279,10
11994,11995,12324,12334,10
11994,11995,12421,12441,20
11994,11995,12650,12661,11
11994,11995,12700,12725,25
11994,11995,12763,12790,27
11994,11995,12839,12854,15
11994,11995,12962,12981,19
11994,11995,13161,13166,5
11994,11995,13204,13219,15
11994,11995,14476,14523,47
11994,11995,14940,14956,16
11994,11995,15139,15146,7
11994,11995,15201,15209,8
11994,11995,15741,15743,2
11994,11995,15759,15776,17
11994,11995,17019,17031,12
11994,11995,17369,17448,79
11994,11995,18079,18092,13
11994,11995,18256,18290,34
11994,11995,18309,18319,10
11994,11995,18337,18345,8
11994,11995,18858,18868,10
11994,11995,19213,19236,23
11994,11995,19825,19826,1
11994,11995,19847,19848,1
11994,11995,19940,19945,5
11994,11995,19985,20006,21
11994,11995,20386,20402,16
11994,11995,22427,22428,1
11994,11995,22448,22466,18
11994,11995,23136,23151,15
11994,11995,23690,23694,4
11994,11995,24657,24658,1
11994,11995,24664,24667,3
11994,11995,24778,24792,14
11994,11995,24795,24798,3
11994,11995,24840,24844,4
11994,11995,25201,25206,5
11994,11995,25456,25484,28
11994,11995,25491,25508,17
11994,11995,26529,26530,1
11994,11995,26532,26539,7
11994,11995,26546,26555,9
11994,11995,26558,26565,7
11994,11995,27854,27898,44
11994,11995,27904,27921,17
11994,11996,300,302,2
11994,11996,825,895,70
11994,11996,1233,1237,4
11994,11996,2010,2042,32
11994,11996,2062,2071,9
11994,11996,2073,2093,20
11994,11996,2113,2129,16
11994,11996,2202,2256,54
11994,11996,2258,2274,16
11994,11996,3114,3136,22
11994,11996,4122,4126,4
11994,11996,4130,4139,9
11994,11996,4226,4256,30
11994,11996,5167,5170,3
11994,11996,5174,5200,26
11994,11996,9123,9135,12
11994,11996,9186,9189,3
11994,11996,9525,9527,2
11994,11996,9529,9530,1
11994,11996,9532,9542,10
11994,11996,9861,9892,31
11994,11996,9897,9929,32
11994,11996,9950,9974,24
11994,11996,10002,10011,9
11994,11996,10024,10042,18
11994,11996,10258,10263,5
11994,11996,11719,11741,22
11994,11996,11977,11990,13
11994,11996,12011,12058,47
11994,11996,12134,12135,1
11994,11996,12152,12153,1
11994,11996,12162,12178,16
11994,11996,12200,12216,16
11994,11996,12396,12401,5
11994,11996,14048,14058,10
11994,11996,14354,14371,17
11994,11996,14383,14404,21
11994,11996,14573,14597,24
11994,11996,14611,14631,20
11994,11996,15996,16034,38
11994,11996,16482,16521,39
11994,11996,17057,17083,26
11994,11996,17157,17187,30
11994,11996,17219,17228,9
11994,11996,17273,17305,32
11994,11996,20568,20586,18
11994,11996,20922,20943,21
11994,11996,21393,21405,12
11994,11996,21438,21450,12
11994,11996,21524,21583,59
11994,11996,22354,22372,18
11994,11996,22956,22976,20
11994,11996,23230,23247,17
11994,11996,23574,23580,6
11994,11996,23604,23653,49
11994,11996,23777,23801,24
11994,11996,23813,23833,20
11994,11996,23847,23861,14
11994,11996,23864,23884,20
11994,11996,24049,24069,20
11994,11996,24084,24086,2
11994,11996,24091,24114,23
11994,11996,24249,24271,22
11994,11996,24284,24286,2
11994,11996,24353,24373,20
11994,11996,24385,24393,8
11994,11996,24400,24408,8
11994,11996,24415,24437,22
11994,11996,24444,24452,8
11994,11996,24484,24485,1
11994,11996,24508,24534,26
11994,11996,24972,24990,18
11994,11996,25063,25068,5
11994,11996,25072,25076,4
11994,11996,25286,25290,4
11994,11996,25292,25293,1
11994,11996,25295,25334,39
11994,11996,25337,25356,19
11994,11996,26109,26123,14
11994,11996,26939,26949,10
11994,11996,26979,26982,3
11994,11997,38,54,16
11994,11997,1121,1133,12
11994,11997,2392,2394,2
11994,11997,2463,2478,15
11994,11997,2633,2641,8
11994,11997,2795,2834,39
11994,11997,2845,2856,11
11994,11997,2883,2884,1
11994,11997,2923,2927,4
11994,11997,4153,4176,23
11994,11997,4644,4659,15
11994,11997,5303,5304,1
11994,11997,5307,5319,12
11994,11997,5322,5332,10
11994,11997,5658,5664,6
11994,11997,6477,6492,15
11994,11997,6569,6576,7
11994,11997,6926,6927,1
11994,11997,6929,6930,1
11994,11997,6984,6992,8
11994,11997,6998,7016,18
11994,11997,10132,10150,18
11994,11997,10228,10265,37
11994,11997,11495,11502,7
11994,11997,11595,11597,2
11994,11997,11599,11697,98
11994,11997,11836,11851,15
11994,11997,11915,11933,18
11994,11997,12500,12521,21
11994,11997,12764,12776,12
11994,11997,12911,12916,5
11994,11997,12918,12929,11
11994,11997,12935,12942,7
11994,11997,12977,12978,1
11994,11997,13161,13181,20
11994,11997,13183,13184,1
11994,11997,13193,13209,16
11994,11997,13810,13840,30
11994,11997,13851,13884,33
11994,11997,13974,13984,10
11994,11997,14222,14230,8
11994,11997,14236,14260,24
11994,11997,16711,16766,55
11994,11997,16782,16784,2
11994,11997,16811,16829,18
11994,11997,16915,16938,23
11994,11997,16990,16994,4
11994,11997,17207,17228,21
11994,11997,17785,17811,26
11994,11997,17850,17859,9
11994,11997,18258,18262,4
11994,11997,18983,19018,35
11994,11997,19999,20023,24
11994,11997,20100,20110,10
11994,11997,20190,20213,23
11994,11997,20284,20301,17
11994,11997,20596,20598,2
11994,11997,20920,20938,18
11994,11997,20944,20957,13
11994,11997,20976,21012,36
11994,11997,21255,21284,29
11994,11997,21418,21419,1
11994,11997,21422,21425,3
11994,11997,22373,22383,10
11994,11997,22524,22527,3
11994,11997,22873,22889,16
11994,11997,24254,24325,71
11994,11997,25001,25043,42
11994,11997,25054,25056,2
11994,11997,25645,25652,7
11994,11997,25670,25684,14
11994,11997,26064,26077,13
11994,11997,27554,27599,45
11994,11998,630,656,26
11994,11998,1066,1081,15
11994,11998,1097,1103,6
11994,11998,1350,1364,14
11994,11998,2762,2784,22
11994,11998,4242,4253,11
11994,11998,4258,4267,9
11994,11998,5399,5416,17
11994,11998,6309,6311,2
11994,11998,6315,6338,23
11994,11998,6472,6476,4
11994,11998,6487,6502,15
11994,11998,6509,6529,20
11994,11998,6693,6704,11
11994,11998,6866,6891,25
11994,11998,8625,8637,12
11994,11998,9317,9360,43
11994,11998,9437,9444,7
11994,11998,9882,9929,47
11994,11998,9948,9949,1
11994,11998,9962,9968,6
11994,11998,9970,9971,1
11994,11998,9973,9974,1
11994,11998,9991,10005,14
11994,11998,10009,10011,2
11994,11998,10136,10161,25
11994,11998,10235,10238,3
11994,11998,10883,10884,1
11994,11998,11074,11083,9
11994,11998,11103,11106,3
11994,11998,11110,11112,2
11994,11998,11163,11166,3
11994,11998,11294,11308,14
11994,11998,11488,11522,34
11994,11998,11533,11584,51
11994,11998,11804,11822,18
11994,11998,12775,12819,44
11994,11998,12888,12893,5
11994,11998,13076,13094,18
11994,11998,13125,13144,19
11994,11998,15988,16022,34
11994,11998,16130,16146,16
11994,11998,16686,16713,27
11994,11998,16789,16793,4
11994,11998,16842,16852,10
11994,11998,17255,17271,16
11994,11998,17616,17625,9
11994,11998,17653,17678,25
11994,11998,19533,19578,45
11994,11998,22931,22969,38
11994,11998,23166,23181,15
11994,11998,23860,23874,14
11994,11998,23948,23963,15
11994,11998,26138,26149,11
11994,11998,27049,27084,35
11994,11998,27090,27109,19
11994,11999,614,620,6
11994,11999,760,770,10
11994,11999,786,835,49
11994,11999,1408,1415,7
11994,11999,1529,1545,16
11994,11999,3754,3756,2
11994,11999,3760,3770,10
11994,11999,4146,4180,34
11994,11999,4200,4274,74
11994,11999,4280,4288,8
11994,11999,4771,4787,16
11994,11999,4969,4976,7
11994,11999,5251,5263,12
11994,11999,6331,6354,23
11994,11999,6447,6467,20
11994,11999,6485,6488,3
11994,11999,6501,6510,9
11994,11999,6590,6611,21
11994,11999,6876,6903,27
11994,11999,8009,8038,29
11994,11999,8804,8810,6
11994,11999,9567,9572,5
11994,11999,9574,9588,14
11994,11999,10497,10514,17
11994,11999,10535,10536,1
11994,11999,10541,10574,33
11994,11999,10578,10602,24
11994,11999,11057,11068,11
11994,11999,11088,11127,39
11994,11999,11149,11168,19
11994,11999,11175,11182,7
11994,11999,11227,11234,7
11994,11999,11263,11308,45
11994,11999,11319,11327,8
11994,11999,11332,11336,4
11994,11999,11338,11345,7
11994,11999,11350,11352,2
11994,11999,11411,11433,22
11994,11999,12489,12497,8
11994,11999,12524,12569,45
11994,11999,14761,14789,28
11994,11999,14819,14852,33
11994,11999,15315,15330,15
11994,11999,15338,15368,30
11994,11999,15480,15522,42
11994,11999,15657,15678,21
11994,11999,15832,15858,26
11994,11999,17438,17447,9
11994,11999,18044,18067,23
11994,11999,18083,18086,3
11994,11999,18089,18110,21
11994,11999,18136,18148,12
11994,11999,19423,19439,16
11994,11999,19823,19848,25
11994,11999,19976,19986,10
11994,11999,20873,20886,13
11994,11999,21353,21393,40
11994,11999,21535,21604,69
11994,11999,21751,21754,3
11994,11999,21758,21772,14
11994,11999,21778,21783,5
11994,11999,21830,21832,2
11994,11999,21972,22012,40
11994,11999,22023,22081,58
11994,11999,22132,22151,19
11994,11999,22231,22232,1
11994,11999,22235,22241,6
11994,11999,22249,22296,47
11994,11999,22303,22307,4
11994,11999,22309,22315,6
11994,11999,22320,22322,2
11994,11999,22405,22440,35
11994,11999,22562,22568,6
11994,11999,23454,23474,20
11994,11999,23910,23919,9
11994,11999,23932,23949,17
11994,11999,25564,25571,7
11994,11999,26002,26026,24
11994,11999,26672,26719,47
11994,11999,26763,26779,16
11994,11999,27225,27236,11
11994,11999,27290,27333,43
11994,11999,27342,27356,14
11994,12000,812,834,22
11994,12000,900,910,10
11994,12000,933,944,11
11994,12000,1246,1288,42
11994,12000,1725,1760,35
11994,12000,1771,1782,11
11994,12000,1799,1816,17
11994,12000,2210,2217,7
11994,12000,2239,2266,27
11994,12000,3307,3332,25
11994,12000,3371,3376,5
11994,12000,3602,3657,55
11994,12000,3953,3955,2
11994,12000,3976,3987,11
11994,12000,4000,4030,30
11994,12000,4039,4062,23
11994,12000,4081,4097,16
11994,12000,4283,4302,19
11994,12000,4319,4321,2
11994,12000,4323,4338,15
11994,12000,4916,4925,9
11994,12000,5047,5059,12
11994,12000,5062,5064,2
11994,12000,5068,5092,24
11994,12000,5094,5110,16
11994,12000,5128,5137,9
11994,12000,6381,6405,24
11994,12000,6413,6432,19
11994,12000,6482,6485,3
11994,12000,6487,6536,49
11994,12000,6538,6539,1
11994,12000,6571,6580,9
11994,12000,6987,7043,56
11994,12000,7231,7261,30
11994,12000,7281,7297,16
11994,12000,7310,7318,8
11994,12000,7333,7336,3
11994,12000,7344,7399,55
11994,12000,7439,7446,7
11994,12000,7547,7560,13
11994,12000,7989,8015,26
11994,12000,9070,9141,71
11994,12000,9143,9145,2
11994,12000,9182,9196,14
11994,12000,9201,9203,2
11994,12000,9219,9267,48
11994,12000,12657,12704,47
11994,12000,12946,12948,2
11994,12000,12958,12960,2
11994,12000,12962,12986,24
11994,12000,12996,13019,23
11994,12000,13022,13025,3
11994,12000,18478,18491,13
11994,12000,18685,18694,9
11994,12000,18859,18875,16
11994,12000,20349,20373,24
11994,12000,20513,20538,25
11994,12000,21137,21142,5
11994,12000,21232,21236,4
11994,12000,21326,21334,8
11994,12000,21643,21644,1
11994,12000,21751,21765,14
11994,12000,25092,25096,4
11994,12000,25101,25103,2
11994,12000,25406,25448,42
11994,12000,27120,27133,13
11994,12000,27746,27776,30
11994,12000,27813,27816,3
11994,12000,27862,27877,15
11994,12000,28168,28173,5
11994,12000,28179,28204,25
11994,12000,28303,28331,28
11995,11996,351,356,5
11995,11996,399,476,77
11995,11996,595,619,24
11995,11996,692,693,1
11995,11996,841,842,1
11995,11996,849,861,12
11995,11996,1243,1277,34
11995,11996,2301,2309,8
11995,11996,2494,2511,17
11995,11996,3712,3744,32
11995,11996,4571,4597,26
11995,11996,4841,4863,22
11995,11996,4910,4945,35
11995,11996,4953,4987,34
11995,11996,5183,5195,12
11995,11996,5212,5221,9
11995,11996,8966,8982,16
11995,11996,9044,9045,1
11995,11996,9058,9064,6
11995,11996,9068,9070,2
11995,11996,9073,9171,98
11995,11996,9274,9276,2
11995,11996,9437,9445,8
11995,11996,9450,9453,3
11995,11996,9457,9466,9
11995,11996,9932,9967,35
11995,11996,10221,10230,9
11995,11996,10234,10235,1
11995,11996,10239,10247,8
11995,11996,10466,10480,14
11995,11996,10507,10536,29
11995,11996,10710,10733,23
11995,11996,11134,11160,26
11995,11996,11167,11194,27
11995,11996,11201,11215,14
11995,11996,12121,12145,24
11995,11996,12147,12148,1
11995,11996,12178,12206,28
11995,11996,12737,12761,24
11995,11996,12785,12790,5
11995,11996,12806,12808,2
11995,11996,12810,12811,1
11995,11996,12853,12854,1
11995,11996,12871,12910,39
11995,11996,12920,12924,4
11995,11996,13348,13360,12
11995,11996,14176,14223,47
11995,11996,14523,14533,10
11995,11996,15857,15865,8
11995,11996,17697,17699,2
11995,11996,17713,17744,31
11995,11996,17910,17913,3
11995,11996,19700,19726,26
11995,11996,20132,20139,7
11995,11996,20463,20465,2
11995,11996,20467,20469,2
11995,11996,21034,21096,62
11995,11996,21463,21498,35
11995,11996,23312,23333,21
11995,11996,23349,23361,12
11995,11996,23647,23662,15
11995,11996,23727,23741,14
11995,11996,24543,24559,16
11995,11996,25000,25052,52
11995,11996,25090,25113,23
11995,11996,25327,25345,18
11995,11996,25388,25405,17
11995,11996,25514,25569,55
11995,11996,27469,27505,36
11995,11996,27669,27683,14
11995,11997,1126,1149,23
11995,11997,4479,4480,1
11995,11997,4500,4502,2
11995,11997,4543,4563,20
11995,11997,4601,4611,10
11995,11997,4781,4791,10
11995,11997,4830,4834,4
11995,11997,4909,4925,16
11995,11997,5614,5618,4
11995,11997,5642,5665,23
11995,11997,5670,5674,4
11995,11997,5819,5823,4
11995,11997,7056,7078,22
11995,11997,7106,7115,9
11995,11997,7128,7134,6
11995,11997,8336,8368,32
11995,11997,9827,9865,38
11995,11997,10002,10003,1
11995,11997,10005,10006,1
11995,11997,10042,10048,6
11995,11997,10159,10200,41
11995,11997,10219,10258,39
11995,11997,10457,10469,12
11995,11997,10888,10894,6
11995,11997,10896,10898,2
11995,11997,10901,10905,4
11995,11997,11052,11085,33
11995,11997,11486,11500,14
11995,11997,12288,12301,13
11995,11997,12334,12350,16
11995,11997,12756,12760,4
11995,11997,12763,12774,11
11995,11997,13001,13004,3
11995,11997,13158,13169,11
11995,11997,13174,13208,34
11995,11997,13307,13321,14
11995,11997,15856,15861,5
11995,11997,15933,15986,53
11995,11997,15998,16013,15
11995,11997,16020,16021,1
11995,11997,16067,16082,15
11995,11997,16091,16096,5
11995,11997,16129,16137,8
11995,11997,16243,16289,46
11995,11997,16402,16414,12
11995,11997,18246,18263,17
11995,11997,19414,19455,41
11995,11997,19478,19480,2
11995,11997,19605,19639,34
11995,11997,19643,19650,7
11995,11997,19676,19688,12
11995,11997,20005,20010,5
11995,11997,21015,21036,21
11995,11997,21457,21468,11
11995,11997,21769,21777,8
11995,11997,22409,22424,15
11995,11997,23254,23263,9
11995,11997,23311,23327,16
11995,11997,24506,24526,20
11995,11997,25224,25270,46
11995,11997,25307,25361,54
11995,11997,25900,25925,25
11995,11997,26925,26930,5
11995,11997,27217,27218,1
11995,11998,684,761,77
11995,11998,763,764,1
11995,11998,1001,1008,7
11995,11998,5007,5027,20
11995,11998,5210,5221,11
11995,11998,5410,5424,14
11995,11998,6274,6287,13
11995,11998,6348,6354,6
11995,11998,7383,7420,37
11995,11998,7436,7444,8
11995,11998,7942,7962,20
11995,11998,9414,9416,2
11995,11998,9491,9501,10
11995,11998,9510,9512,2
11995,11998,9934,9949,15
11995,11998,10171,10215,44
11995,11998,10402,10405,3
11995,11998,12734,12741,7
11995,11998,12743,12761,18
11995,11998,12769,12786,17
11995,11998,12999,13007,8
11995,11998,13143,13152,9
11995,11998,13645,13675,30
11995,11998,13697,13723,26
11995,11998,14382,14402,20
11995,11998,14405,14411,6
11995,11998,17042,17060,18
11995,11998,17093,17117,24
11995,11998,17764,17767,3
11995,11998,17782,17819,37
11995,11998,20064,20076,12
11995,11998,20114,20133,19
11995,11998,20697,20738,41
11995,11998,20753,20755,2
11995,11998,20757,20762,5
11995,11998,20782,20783,1
11995,11998,21231,21255,24
11995,11998,21257,21283,26
11995,11998,21551,21568,17
11995,11998,24012,24023,11
11995,11998,24554,24570,16
11995,11998,27334,27335,1
11995,11998,27346,27370,24
11995,11998,27388,27399,11
11995,11998,27815,27816,1
11995,11999,778,819,41
11995,11999,2072,2127,55
11995,11999,2534,2536,2
11995,11999,2577,2589,12
11995,11999,2623,2625,2
11995,11999,2627,2628,1
11995,11999,2630,2642,12
11995,11999,2691,2692,1
11995,11999,2741,2757,16
11995,11999,3896,3915,19
11995,11999,4508,4525,17
11995,11999,5063,5071,8
11995,11999,5298,5308,10
11995,11999,6364,6388,24
11995,11999,6755,6798,43
11995,11999,8147,8148,1
11995,11999,8804,8810,6
11995,11999,8812,8818,6
11995,11999,8821,8858,37
11995,11999,8861,8882,21
11995,11999,9191,9229,38
11995,11999,9232,9242,10
11995,11999,11430,11453,23
11995,11999,11707,11741,34
11995,11999,13006,13036,30
11995,11999,13277,13306,29
11995,11999,14332,14338,6
11995,11999,15675,15683,8
11995,11999,15691,15716,25
11995,11999,15733,15738,5
11995,11999,16078,16130,52
11995,11999,17435,17495,60
11995,11999,17503,17514,11
11995,11999,17602,17607,5
11995,11999,17611,17614,3
11995,11999,17616,17618,2
11995,11999,17633,17636,3
11995,11999,17755,17756,1
11995,11999,17780,17791,11
11995,11999,18073,18086,13
11995,11999,19716,19733,17
11995,11999,19840,19881,41
11995,11999,19884,19920,36
11995,11999,19947,19984,37
11995,11999,20572,20600,28
11995,11999,20643,20646,3
11995,11999,20698,20710,12
11995,11999,20722,20739,17
11995,11999,20756,20759,3
11995,11999,20791,20799,8
11995,11999,20809,20817,8
11995,11999,20828,20866,38
11995,11999,20890,20923,33
11995,11999,20940,20977,37
11995,11999,20981,21042,61
11995,11999,22422,22423,1
11995,11999,22425,22427,2
11995,11999,22434,22452,18
11995,11999,23537,23555,18
11995,11999,23617,23621,4
11995,11999,23925,23926,1
11995,11999,24136,24137,1
11995,11999,26263,26291,28
11995,11999,26520,26528,8
11995,11999,27360,27365,5
11995,11999,27497,27522,25
11995,11999,27583,27602,19
11995,11999,28286,28334,48
11995,12000,468,484,16
11995,12000,520,521,1
11995,12000,524,542,18
11995,12000,588,604,16
11995,12000,632,758,126
11995,12000,1058,1074,16
11995,12000,1882,1894,12
11995,12000,3027,3029,2
11995,12000,3116,3135,19
11995,12000,3162,3184,22
11995,12000,3271,3301,30
11995,12000,3309,3322,13
11995,12000,3341,3353,12
11995,12000,3374,3376,2
11995,12000,3396,3399,3
11995,12000,3401,3405,4
11995,12000,3442,3466,24
11995,12000,3523,3524,1
11995,12000,3526,3595,69
11995,12000,3625,3646,21
11995,12000,4357,4374,17
11995,12000,4470,4476,6
11995,12000,4524,4525,1
11995,12000,4801,4807,6
11995,12000,4955,4997,42
11995,12000,5197,5213,16
11995,12000,5865,5888,23
11995,12000,6208,6262,54
11995,12000,6317,6318,1
11995,12000,6320,6328,8
11995,12000,6333,6336,3
11995,12000,6379,6384,5
11995,12000,6392,6406,14
11995,12000,6409,6439,30
11995,12000,7035,7039,4
11995,12000,7060,7068,8
11995,12000,7091,7099,8
11995,12000,7233,7234,1
11995,12000,7309,7327,18
11995,12000,7502,7504,2
11995,12000,7506,7515,9
11995,12000,7806,7822,16
11995,12000,9005,9010,5
11995,12000,9104,9112,8
11995,12000,9114,9117,3
11995,12000,9119,9123,4
11995,12000,9130,9148,18
11995,12000,10065,10081,16
11995,12000,10132,10138,6
11995,12000,10683,10696,13
11995,12000,10773,10783,10
11995,12000,11214,11243,29
11995,12000,11254,11272,18
11995,12000,11278,11280,2
11995,12000,11537,11600,63
11995,12000,11842,11858,16
11995,12000,12651,12670,19
11995,12000,12730,12734,4
11995,12000,12902,12926,24
11995,12000,12939,12960,21
11995,12000,12962,12973,11
11995,12000,12991,12992,1
11995,12000,13734,13736,2
11995,12000,13800,13809,9
11995,12000,13828,13841,13
11995,12000,13843,13847,4
11995,12000,13849,13850,1
11995,12000,13858,13879,21
11995,12000,14038,14045,7
11995,12000,14258,14273,15
11995,12000,14286,14287,1
11995,12000,14289,14293,4
11995,12000,14297,14301,4
11995,12000,14627,14631,4
11995,12000,14653,14670,17
11995,12000,15195,15196,1
11995,12000,15198,15227,29
11995,12000,15994,16006,12
11995,12000,16009,16039,30
11995,12000,16318,16336,18
11995,12000,16401,16431,30
11995,12000,16551,16553,2
11995,12000,16768,16788,20
11995,12000,16802,16839,37
11995,12000,16883,16917,34
11995,12000,16979,16981,2
11995,12000,17139,17153,14
11995,12000,17521,17524,3
11995,12000,17665,17676,11
11995,12000,17704,17727,23
11995,12000,18853,18878,25
11995,12000,19634,19642,8
11995,12000,19915,19927,12
11995,12000,20336,20351,15
11995,12000,22503,22505,2
11995,12000,22534,22569,35
11995,12000,22590,22601,11
11995,12000,22656,22670,14
11995,12000,23470,23473,3
11995,12000,24251,24260,9
11995,12000,24472,24481,9
11995,12000,25445,25457,12
11995,12000,25817,25824,7
11995,12000,27177,27221,44
11995,12000,27223,27224,1
11995,12000,27862,27872,10
11995,12000,28248,28292,44
11995,12000,28493,28500,7
11996,11997,1014,1022,8
11996,11997,1358,1362,4
11996,11997,1502,1524,22
11996,11997,1556,1562,6
11996,11997,1966,1973,7
11996,11997,3264,3275,11
11996,11997,3283,3307,24
11996,11997,3526,3544,18
11996,11997,4087,4095,8
11996,11997,4097,4114,17
11996,11997,4189,4192,3
11996,11997,4872,4925,53
11996,11997,7374,7424,50
11996,11997,7507,7511,4
11996,11997,7515,7560,45
11996,11997,7563,7595,32
11996,11997,7619,7629,10
11996,11997,7690,7694,4
11996,11997,7699,7724,25
11996,11997,8085,8101,16
11996,11997,8104,8130,26
11996,11997,8501,8510,9
11996,11997,9714,9715,1
11996,11997,10205,10249,44
11996,11997,10258,10260,2
11996,11997,10328,10342,14
11996,11997,10477,10489,12
11996,11997,10848,10849,1
11996,11997,10864,10865,1
11996,11997,10871,10874,3
11996,11997,10878,10880,2
11996,11997,10942,10959,17
11996,11997,11086,11102,16
11996,11997,11456,11461,5
11996,11997,12218,12220,2
11996,11997,12554,12564,10
11996,11997,12639,12654,15
11996,11997,12704,12719,15
11996,11997,12750,12765,15
11996,11997,13518,13519,1
11996,11997,15225,15230,5
11996,11997,15248,15258,10
11996,11997,15386,15411,25
11996,11997,15495,15514,19
11996,11997,15613,15614,1
11996,11997,15730,15742,12
11996,11997,15804,15815,11
11996,11997,15818,15820,2
11996,11997,15848,15881,33
11996,11997,15890,15896,6
11996,11997,16606,16608,2
11996,11997,17092,17147,55
11996,11997,17219,17232,13
11996,11997,18215,18232,17
11996,11997,18260,18264,4
11996,11997,18453,18497,44
11996,11997,20925,20927,2
11996,11997,21447,21462,15
11996,11997,22142,22155,13
11996,11997,22159,22163,4
11996,11997,22203,22224,21
11996,11997,22331,22358,27
11996,11997,22657,22692,35
11996,11997,22724,22732,8
11996,11997,22785,22854,69
11996,11997,23040,23053,13
11996,11997,23079,23098,19
11996,11997,23272,23277,5
11996,11997,23312,23327,15
11996,11997,23963,23981,18
11996,11997,24246,24280,34
11996,11997,24700,24709,9
11996,11997,25330,25343,13
11996,11997,25702,25712,10
11996,11997,26020,26037,17
11996,11997,27247,27249,2
11996,11997,27286,27303,17
11996,11997,28173,28186,13
11996,11997,28303,28320,17
11996,11997,28337,28392,55
11996,11998,131,138,7
11996,11998,232,244,12
11996,11998,246,250,4
11996,11998,367,370,3
11996,11998,372,386,14
11996,11998,655,663,8
11996,11998,675,689,14
11996,11998,691,699,8
11996,11998,1436,1455,19
11996,11998,1487,1514,27
11996,11998,1524,1525,1
11996,11998,1531,1536,5
11996,11998,1600,1646,46
11996,11998,2355,2372,17
11996,11998,4248,4261,13
11996,11998,4286,4293,7
11996,11998,4310,4348,38
11996,11998,4370,4372,2
11996,11998,4402,4404,2
11996,11998,4406,4407,1
11996,11998,4409,4410,1
11996,11998,4412,4415,3
11996,11998,4423,4436,13
11996,11998,4562,4566,4
11996,11998,4893,4900,7
11996,11998,5212,5220,8
11996,11998,5425,5429,4
11996,11998,5435,5458,23
11996,11998,6753,6794,41
11996,11998,7011,7066,55
11996,11998,8276,8313,37
11996,11998,8320,8331,11
11996,11998,8835,8836,1
11996,11998,9555,9573,18
11996,11998,9598,9618,20
11996,11998,9741,9759,18
11996,11998,9887,9890,3
11996,11998,9898,9948,50
11996,11998,9957,9976,19
11996,11998,10237,10241,4
11996,11998,12540,12558,18
11996,11998,12689,12707,18
11996,11998,12747,12776,29
11996,11998,13485,13505,20
11996,11998,13562,13577,15
11996,11998,13589,13595,6
11996,11998,13773,13776,3
11996,11998,13787,13796,9
11996,11998,13828,13847,19
11996,11998,13859,13892,33
11996,11998,13913,13953,40
11996,11998,14752,14760,8
11996,11998,14842,14843,1
11996,11998,14931,14949,18
11996,11998,14998,15005,7
11996,11998,15272,15296,24
11996,11998,15308,15326,18
11996,11998,15596,15597,1
11996,11998,15603,15604,1
11996,11998,15989,16016,27
11996,11998,17253,17261,8
11996,11998,17806,17813,7
11996,11998,18007,18069,62
11996,11998,18288,18290,2
11996,11998,18292,18295,3
11996,11998,20048,20066,18
11996,11998,20592,20601,9
11996,11998,21609,21613,4
11996,11998,21618,21620,2
11996,11998,21630,21662,32
11996,11998,21707,21719,12
11996,11998,22447,22467,20
11996,11998,22495,22521,26
11996,11998,22960,22986,26
11996,11998,23219,23235,16
11996,11998,23675,23701,26
11996,11998,23747,23754,7
11996,11998,23842,23850,8
11996,11998,23854,23856,2
11996,11998,23862,23872,10
11996,11998,24535,24538,3
11996,11998,24599,24601,2
11996,11998,24609,24612,3
11996,11998,24677,24699,22
11996,11998,24706,24722,16
11996,11998,25788,25794,6
11996,11998,26190,26214,24
11996,11998,26890,26906,16
11996,11998,26981,27015,34
11996,11998,27312,27314,2
11996,11998,27865,27882,17
11996,11998,27893,27905,12
11996,11998,28527,28549,22
11996,11998,28688,28689,1
11996,11999,190,214,24
11996,11999,827,843,16
11996,11999,1854,1878,24
11996,11999,2488,2492,4
11996,11999,3444,3445,1
11996,11999,3447,3449,2
11996,11999,3464,3471,7
11996,11999,3512,3522,10
11996,11999,3526,3555,29
11996,11999,4007,4018,11
11996,11999,4027,4064,37
11996,11999,4189,4190,1
11996,11999,4227,4255,28
11996,11999,4347,4348,1
11996,11999,4350,4352,2
11996,11999,4354,4355,1
11996,11999,4365,4418,53
11996,11999,5149,5176,27
11996,11999,5200,5225,25
11996,11999,5230,5253,23
11996,11999,5377,5388,11
11996,11999,5408,5419,11
11996,11999,5479,5513,34
11996,11999,7059,7073,14
11996,11999,7106,7128,22
11996,11999,7262,7297,35
11996,11999,7648,7662,14
11996,11999,7910,7920,10
11996,11999,8158,8178,20
11996,11999,8206,8226,20
11996,11999,8566,8652,86
11996,11999,8664,8665,1
11996,11999,8695,8713,18
11996,11999,8723,8740,17
11996,11999,9166,9183,17
11996,11999,10602,10641,39
11996,11999,11537,11540,3
11996,11999,12338,12343,5
11996,11999,12351,12353,2
11996,11999,12407,12413,6
11996,11999,13430,13517,87
11996,11999,13522,13528,6
11996,11999,13625,13627,2
11996,11999,13864,13884,20
11996,11999,14096,14107,11
11996,11999,14132,14167,35
11996,11999,14698,14714,16
11996,11999,16856,16880,24
11996,11999,16958,16971,13
11996,11999,16983,16985,2
11996,11999,16988,16995,7
11996,11999,17391,17399,8
11996,11999,17741,17752,11
11996,11999,17782,17792,10
11996,11999,18331,18367,36
11996,11999,18397,18416,19
11996,11999,19206,19227,21
11996,11999,19249,19275,26
11996,11999,19333,19389,56
11996,11999,19399,19426,27
11996,11999,19507,19518,11
11996,11999,19523,19541,18
11996,11999,19543,19545,2
11996,11999,19547,19550,3
11996,11999,19717,19719,2
11996,11999,19737,19746,9
11996,11999,19760,19766,6
11996,11999,19770,19803,33
11996,11999,19805,19807,2
11996,11999,20423,20439,16
11996,11999,21037,21046,9
11996,11999,21108,21132,24
11996,11999,21539,21581,42
11996,11999,23510,23511,1
11996,11999,23676,23699,23
11996,11999,24596,24597,1
11996,11999,25794,25811,17
11996,11999,25985,25992,7
11996,11999,26371,26377,6
11996,11999,26385,26418,33
11996,11999,28042,28077,35
11996,12000,153,188,35
11996,12000,387,398,11
11996,12000,464,467,3
11996,12000,601,610,9
11996,12000,647,655,8
11996,12000,662,679,17
11996,12000,681,688,7
11996,12000,692,700,8
11996,12000,825,840,15
11996,12000,843,844,1
11996,12000,860,871,11
11996,12000,874,891,17
11996,12000,1117,1133,16
11996,12000,1284,1304,20
11996,12000,1306,1317,11
11996,12000,1326,1327,1
11996,12000,1329,1374,45
11996,12000,1410,1416,6
11996,12000,1476,1478,2
11996,12000,1480,1484,4
11996,12000,1489,1512,23
11996,12000,1612,1625,13
11996,12000,1630,1651,21
11996,12000,2207,2208,1
11996,12000,2238,2263,25
11996,12000,3874,3895,21
11996,12000,4946,4955,9
11996,12000,4960,5041,81
11996,12000,5055,5065,10
11996,12000,5139,5156,17
11996,12000,5555,5560,5
11996,12000,8431,8441,10
11996,12000,9019,9032,13
11996,12000,9103,9111,8
11996,12000,9129,9136,7
11996,12000,9176,9198,22
11996,12000,10586,10597,11
11996,12000,10621,10640,19
11996,12000,10692,10715,23
11996,12000,10776,10792,16
11996,12000,10912,10947,35
11996,12000,11204,11218,14
11996,12000,11474,11485,11
11996,12000,11667,11680,13
11996,12000,12707,12718,11
11996,12000,12903,12926,23
11996,12000,13028,13037,9
11996,12000,13044,13059,15
11996,12000,13667,13720,53
11996,12000,14793,14794,1
11996,12000,14803,14814,11
11996,12000,15335,15421,86
11996,12000,15514,15527,13
11996,12000,15544,15582,38
11996,12000,15585,15586,1
11996,12000,15600,15602,2
11996,12000,15604,15620,16
11996,12000,15848,15856,8
11996,12000,16663,16687,24
11996,12000,17737,17741,4
11996,12000,18115,18165,50
11996,12000,18232,18235,3
11996,12000,19340,19348,8
11996,12000,19438,19463,25
11996,12000,19560,19562,2
11996,12000,19633,19635,2
11996,12000,19638,19660,22
11996,12000,22117,22134,17
11996,12000,22138,22169,31
11996,12000,23431,23438,7
11996,12000,24730,24768,38
11996,12000,24862,24869,7
11996,12000,24875,24904,29
11996,12000,26149,26167,18
11996,12000,26170,26175,5
11996,12000,26182,26236,54
11996,12000,26572,26584,12
11997,11998,1502,1554,52
11997,11998,1579,1594,15
11997,11998,2051,2089,38
11997,11998,2091,2112,21
11997,11998,2152,2161,9
11997,11998,2173,2196,23
11997,11998,3699,3702,3
11997,11998,3895,3911,16
11997,11998,4693,4694,1
11997,11998,4713,4725,12
11997,11998,4856,4872,16
11997,11998,4928,4939,11
11997,11998,4943,4945,2
11997,11998,5254,5289,35
11997,11998,6534,6539,5
11997,11998,6550,6564,14
11997,11998,7270,7301,31
11997,11998,7814,7832,18
11997,11998,8167,8201,34
11997,11998,8274,8275,1
11997,11998,8991,9000,9
11997,11998,9063,9133,70
11997,11998,9200,9202,2
11997,11998,9775,9787,12
11997,11998,10067,10084,17
11997,11998,10102,10154,52
11997,11998,10183,10204,21
11997,11998,10236,10243,7
11997,11998,11495,11507,12
11997,11998,11862,11866,4
11997,11998,12723,12732,9
11997,11998,12749,12768,19
11997,11998,12868,12870,2
11997,11998,12989,13034,45
11997,11998,13049,13060,11
11997,11998,13455,13477,22
11997,11998,13479,13480,1
11997,11998,13482,13483,1
11997,11998,15349,15381,32
11997,11998,16616,16628,12
11997,11998,16647,16679,32
11997,11998,16804,16813,9
11997,11998,16827,16829,2
11997,11998,16834,16908,74
11997,11998,18144,18157,13
11997,11998,18378,18393,15
11997,11998,18414,18436,22
11997,11998,18504,18580,76
11997,11998,18588,18596,8
11997,11998,18757,18761,4
11997,11998,18770,18773,3
11997,11998,18823,18836,13
11997,11998,18873,18904,31
11997,11998,18924,18946,22
11997,11998,19115,19116,1
11997,11998,20307,20319,12
11997,11998,20456,20483,27
11997,11998,20613,20614,1
11997,11998,21548,21554,6
11997,11998,21578,21583,5
11997,11998,21883,21889,6
11997,11998,22044,22051,7
11997,11998,22116,22120,4
11997,11998,22170,22178,8
11997,11998,22269,22288,19
11997,11998,22863,22877,14
11997,11998,23181,23199,18
11997,11998,23385,23386,1
11997,11998,23403,23426,23
11997,11998,23429,23430,1
11997,11998,23432,23463,31
11997,11998,23549,23571,22
11997,11998,23574,23575,1
11997,11998,23897,23939,42
11997,11998,24383,24391,8
11997,11998,24395,24400,5
11997,11998,24421,24424,3
11997,11998,24433,24449,16
11997,11998,24716,24739,23
11997,11998,24849,24856,7
11997,11998,26293,26342,49
11997,11998,26346,26348,2
11997,11998,26405,26406,1
11997,11998,26524,26535,11
11997,11998,26657,26713,56
11997,11998,27638,27644,6
11997,11998,27721,27726,5
11997,11998,27792,27799,7
11997,11998,27804,27805,1
11997,11999,0,16,16
11997,11999,1693,1714,21
11997,11999,1914,1925,11
11997,11999,2328,2353,25
11997,11999,3161,3173,12
11997,11999,3183,3184,1
11997,11999,3207,3237,30
11997,11999,3244,3246,2
11997,11999,3421,3446,25
11997,11999,3523,3555,32
11997,11999,3558,3591,33
11997,11999,3937,3964,27
11997,11999,4044,4045,1
11997,11999,4048,4055,7
11997,11999,4059,4075,16
11997,11999,4157,4202,45
11997,11999,4593,4594,1
11997,11999,4675,4682,7
11997,11999,4695,4712,17
11997,11999,5727,5732,5
11997,11999,5734,5763,29
11997,11999,5777,5816,39
11997,11999,5836,5852,16
11997,11999,5912,5928,16
11997,11999,6058,6065,7
11997,11999,6067,6068,1
11997,11999,6088,6100,12
11997,11999,6210,6211,1
11997,11999,6611,6642,31
11997,11999,6889,6900,11
11997,11999,7550,7554,4
11997,11999,7559,7567,8
11997,11999,7590,7613,23
11997,11999,7640,7644,4
11997,11999,7666,7687,21
11997,11999,7694,7695,1
11997,11999,7793,7808,15
11997,11999,8144,8160,16
11997,11999,8198,8199,1
11997,11999,8258,8277,19
11997,11999,9429,9436,7
11997,11999,9737,9746,9
11997,11999,11450,11471,21
11997,11999,13254,13255,1
11997,11999,16074,16091,17
11997,11999,16093,16096,3
11997,11999,16145,16149,4
11997,11999,16424,16445,21
11997,11999,16480,16493,13
11997,11999,16517,16547,30
11997,11999,18592,18606,14
11997,11999,18815,18845,30
11997,11999,21024,21051,27
11997,11999,21291,21295,4
11997,11999,22306,22311,5
11997,11999,23009,23022,13
11997,11999,24569,24587,18
11997,11999,24798,24837,39
11997,11999,26132,26180,48
11997,11999,26814,26838,24
11997,11999,27617,27663,46
11997,11999,27666,27667,1
11997,11999,27715,27728,13
11997,11999,28483,28496,13
11997,11999,28691,28696,5
11997,12000,988,1002,14
11997,12000,1499,1515,16
11997,12000,1592,1602,10
11997,12000,2500,2516,16
11997,12000,2533,2563,30
11997,12000,4389,4415,26
11997,12000,4457,4485,28
11997,12000,5218,5234,16
11997,12000,5731,5739,8
11997,12000,5741,5755,14
11997,12000,5757,5761,4
11997,12000,5768,5804,36
11997,12000,6481,6498,17
11997,12000,6594,6599,5
11997,12000,6713,6729,16
11997,12000,7040,7079,39
11997,12000,7117,7125,8
11997,12000,9982,9983,1
11997,12000,10954,10955,1
11997,12000,11420,11445,25
11997,12000,12716,12731,15
11997,12000,12979,12988,9
11997,12000,12990,13003,13
11997,12000,13005,13006,1
11997,12000,14111,14113,2
11997,12000,14332,14425,93
11997,12000,14506,14533,27
11997,12000,14538,14555,17
11997,12000,15388,15408,20
11997,12000,15410,15442,32
11997,12000,15445,15473,28
11997,12000,15533,15548,15
11997,12000,15598,15684,86
11997,12000,15834,15856,22
11997,12000,15858,15859,1
11997,12000,16002,16016,14
11997,12000,16053,16073,20
11997,12000,16358,16370,12
11997,12000,16379,16386,7
11997,12000,18202,18206,4
11997,12000,18342,18347,5
11997,12000,18350,18362,12
11997,12000,18364,18365,1
11997,12000,18368,18370,2
11997,12000,18372,18378,6
11997,12000,18381,18400,19
11997,12000,18554,18570,16
11997,12000,19066,19092,26
11997,12000,19581,19593,12
11997,12000,20237,20277,40
11997,12000,20284,20290,6
11997,12000,20696,20726,30
11997,12000,21180,21194,14
11997,12000,22015,22039,24
11997,12000,22069,22108,39
11997,12000,22135,22201,66
11997,12000,22273,22278,5
11997,12000,23476,23484,8
11997,12000,23495,23500,5
11997,12000,23545,23548,3
11997,12000,23551,23554,3
11997,12000,23559,23560,1
11997,12000,23608,23623,15
11997,12000,23634,23648,14
11997,12000,23792,23799,7
11997,12000,23801,23804,3
11997,12000,23808,23841,33
11997,12000,23962,23969,7
11997,12000,24008,24034,26
11997,12000,24437,24484,47
11997,12000,24486,24487,1
11997,12000,24914,24940,26
11997,12000,25157,25158,1
11997,12000,25160,25184,24
11997,12000,26129,26132,3
11997,12000,27207,27227,20
11997,12000,28002,28025,23
11997,12000,28070,28077,7
11998,11999,429,451,22
11998,11999,467,522,55
11998,11999,564,617,53
11998,11999,1272,1289,17
11998,11999,1346,1355,9
11998,11999,1396,1406,10
11998,11999,4343,4372,29
11998,11999,4403,4440,37
11998,11999,4453,4454,1
11998,11999,4471,4476,5
11998,11999,4515,4525,10
11998,11999,5043,5064,21
11998,11999,5654,5665,11
11998,11999,5701,5718,17
11998,11999,6329,6345,16
11998,11999,6470,6496,26
11998,11999,6881,6957,76
11998,11999,6966,6984,18
11998,11999,7021,7022,1
11998,11999,7056,7064,8
11998,11999,7155,7168,13
11998,11999,7171,7179,8
11998,11999,7193,7208,15
11998,11999,7214,7223,9
11998,11999,7232,7233,1
11998,11999,7706,7752,46
11998,11999,8125,8130,5
11998,11999,8133,8134,1
11998,11999,8161,8166,5
11998,11999,8169,8170,1
11998,11999,8185,8194,9
11998,11999,8368,8394,26
11998,11999,8397,8423,26
11998,11999,8503,8516,13
11998,11999,8563,8571,8
11998,11999,8741,8752,11
11998,11999,10916,10922,6
11998,11999,10953,10965,12
11998,11999,11017,11024,7
11998,11999,11127,11136,9
11998,11999,11151,11153,2
11998,11999,12024,12051,27
11998,11999,12082,12090,8
11998,11999,12168,12188,20
11998,11999,13338,13358,20
11998,11999,13388,13401,13
11998,11999,13411,13413,2
11998,11999,13474,13478,4
11998,11999,13482,13509,27
11998,11999,13543,13559,16
11998,11999,13869,13890,21
11998,11999,14046,14066,20
11998,11999,14070,14071,1
11998,11999,14077,14082,5
11998,11999,14091,14096,5
11998,11999,14269,14271,2
11998,11999,14575,14601,26
11998,11999,14603,14604,1
11998,11999,15021,15054,33
11998,11999,15056,15057,1
11998,11999,15059,15085,26
11998,11999,15127,15136,9
11998,11999,15190,15206,16
11998,11999,15232,15248,16
11998,11999,18613,18652,39
11998,11999,18698,18700,2
11998,11999,18736,18768,32
11998,11999,18771,18806,35
11998,11999,18813,18837,24
11998,11999,18856,18865,9
11998,11999,19023,19040,17
11998,11999,20692,20711,19
11998,11999,20723,20763,40
11998,11999,22772,22778,6
11998,11999,23654,23694,40
11998,11999,23960,23967,7
11998,11999,23977,23998,21
11998,11999,24025,24033,8
11998,11999,24842,24851,9
11998,11999,24869,24884,15
11998,11999,25146,25196,50
11998,11999,25204,25226,22
11998,11999,25616,25653,37
11998,11999,25689,25719,30
11998,11999,25747,25791,44
11998,11999,27123,27194,71
11998,11999,27634,27656,22
11998,11999,27732,27744,12
11998,11999,27931,27947,16
11998,11999,28111,28120,9
11998,11999,28140,28149,9
11998,11999,28176,28177,1
11998,11999,28230,28237,7
11998,11999,28589,28641,52
11998,11999,28657,28679,22
11998,12000,340,354,14
11998,12000,540,571,31
11998,12000,682,748,66
11998,12000,1035,1037,2
11998,12000,1487,1505,18
11998,12000,1555,1588,33
11998,12000,1601,1604,3
11998,12000,1615,1649,34
11998,12000,2570,2583,13
11998,12000,2675,2690,15
11998,12000,2776,2790,14
11998,12000,2927,2943,16
11998,12000,4524,4527,3
11998,12000,5163,5207,44
11998,12000,5569,5578,9
11998,12000,5629,5639,10
11998,12000,5673,5688,15
11998,12000,5716,5717,1
11998,12000,5722,5736,14
11998,12000,5846,5852,6
11998,12000,5966,5978,12
11998,12000,6017,6037,20
11998,12000,6040,6043,3
11998,12000,6065,6090,25
11998,12000,6126,6150,24
11998,12000,6332,6341,9
11998,12000,6444,6479,35
11998,12000,6491,6502,11
11998,12000,6510,6533,23
11998,12000,8811,8814,3
11998,12000,8819,8835,16
11998,12000,8850,8867,17
11998,12000,8946,8950,4
11998,12000,10374,10393,19
11998,12000,10458,10473,15
11998,12000,12118,12124,6
11998,12000,12208,12224,16
11998,12000,12228,12297,69
11998,12000,12412,12434,22
11998,12000,12442,12470,28
11998,12000,12492,12504,12
11998,12000,12719,12744,25
11998,12000,12991,12994,3
11998,12000,13711,13726,15
11998,12000,14750,14760,10
11998,12000,15019,15038,19
11998,12000,15197,15203,6
11998,12000,17952,17953,1
11998,12000,18383,18397,14
11998,12000,18549,18590,41
11998,12000,18612,18648,36
11998,12000,19136,19149,13
11998,12000,19153,19207,54
11998,12000,19349,19365,16
11998,12000,19392,19403,11
11998,12000,19757,19786,29
11998,12000,20809,20810,1
11998,12000,20812,20815,3
11998,12000,21901,21929,28
11998,12000,22216,22279,63
11998,12000,22344,22352,8
11998,12000,23564,23568,4
11998,12000,23594,23611,17
11998,12000,24047,24054,7
11998,12000,26191,26220,29
11998,12000,26246,26254,8
11998,12000,26802,26816,14
11999,12000,196,202,6
11999,12000,211,284,73
11999,12000,290,304,14
11999,12000,559,561,2
11999,12000,814,843,29
11999,12000,862,878,16
11999,12000,2847,2852,5
11999,12000,4273,4288,15
11999,12000,4520,4541,21
11999,12000,5150,5156,6
11999,12000,5434,5436,2
11999,12000,5453,5457,4
11999,12000,5460,5461,1
11999,12000,5465,5466,1
11999,12000,5578,5594,16
11999,12000,5619,5621,2
11999,12000,5623,5625,2
11999,12000,5697,5722,25
11999,12000,5745,5803,58
11999,12000,5807,5808,1
11999,12000,6349,6358,9
11999,12000,6476,6482,6
11999,12000,6669,6710,41
11999,12000,6823,6839,16
11999,12000,6952,6959,7
11999,12000,8013,8017,4
11999,12000,8727,8737,10
11999,12000,9640,9684,44
11999,12000,9877,9878,1
11999,12000,9885,9906,21
11999,12000,9917,9921,4
11999,12000,10032,10033,1
11999,12000,10625,10637,12
11999,12000,12158,12164,6
11999,12000,12330,12342,12
11999,12000,13202,13220,18
11999,12000,13222,13235,13
11999,12000,14907,14921,14
11999,12000,15010,15027,17
11999,12000,15176,15200,24
11999,12000,15269,15284,15
11999,12000,16179,16190,11
11999,12000,16203,16228,25
11999,12000,16649,16666,17
11999,12000,17201,17213,12
11999,12000,17266,17294,28
11999,12000,17734,17749,15
11999,12000,17798,17831,33
11999,12000,17849,17863,14
11999,12000,18501,18521,20
11999,12000,18615,18669,54
11999,12000,19103,19104,1
11999,12000,19117,19130,13
11999,12000,19477,19493,16
11999,12000,19495,19498,3
11999,12000,19503,19506,3
11999,12000,19661,19679,18
11999,12000,19685,19686,1
11999,12000,19937,19942,5
11999,12000,19963,19964,1
11999,12000,20137,20151,14
11999,12000,21713,21754,41
11999,12000,22353,22367,14
11999,12000,22371,22376,5
11999,12000,22381,22383,2
11999,12000,22385,22408,23
11999,12000,25020,25054,34
11999,12000,26069,26072,3
11999,12000,26617,26621,4
11999,12000,26623,26640,17
11999,12000,26961,26975,14
11999,12000,27001,27003,2
11999,12000,28288,28294,6
11999,12000,28364,28382,18
11999,12000,28700,28724,24
11999,12000,28736,28737,1
