node_1,node_2,start_of_interaction,end_of_interaction,duration
11629,11630,97,101,4
11629,11630,107,108,1
11629,11630,133,142,9
11629,11630,149,180,31
11629,11630,182,188,6
11629,11630,191,196,5
11629,11630,230,287,57
11629,11630,290,291,1
11629,11630,575,606,31
11629,11630,7717,7724,7
11629,11630,7876,7877,1
11629,11630,8167,8169,2
11629,11630,8171,8291,120
11629,11630,8458,8459,1
11629,11630,8464,8469,5
11629,11630,8480,8526,46
11629,11630,8528,8536,8
11629,11630,8551,8611,60
11629,11630,8616,8617,1
11629,11630,8884,9000,116
11629,11630,9031,9036,5
11629,11630,9042,9048,6
11629,11630,9051,9053,2
11629,11630,9055,9201,146
11629,11630,9203,9210,7
11629,11630,9212,9218,6
11629,11630,9235,9244,9
11629,11630,9258,9278,20
11629,11630,9287,9292,5
11629,11630,9296,9308,12
11629,11630,9331,9337,6
11629,11630,9349,9382,33
11629,11630,9384,9486,102
11629,11630,9585,9611,26
11629,11630,9623,9643,20
11629,11630,9645,9649,4
11629,11630,9651,9704,53
11629,11630,9707,9747,40
11629,11630,9749,9751,2
11629,11630,9753,9817,64
11629,11630,9819,9821,2
11629,11630,9824,9827,3
11629,11630,11892,11918,26
11629,11630,11929,11931,2
11629,11630,11933,11973,40
11629,11630,11978,11981,3
11629,11630,16337,16437,100
11629,11630,23245,23246,1
11629,11630,23586,23619,33
11629,11630,23625,23633,8
11629,11630,23635,23641,6
11629,11630,23673,23676,3
11629,11630,23723,23726,3
11629,11630,23738,23740,2
11629,11630,23745,23751,6
11629,11630,23756,23758,2
11629,11630,27317,27400,83
11629,11630,27402,27418,16
11629,11630,27444,27445,1
11629,11630,27452,27455,3
11629,11630,27457,27462,5
11629,11630,27464,27469,5
11629,11630,27486,27487,1
11629,11630,27490,27493,3
11629,11630,27503,27506,3
11629,11630,27509,27513,4
11629,11630,27515,27584,69
11629,11630,27891,28075,184
11629,11630,28081,28083,2
11629,11630,28088,28091,3
11629,11630,28172,28173,1
11629,11630,28192,28195,3
11629,11630,28197,28225,28
11629,11630,28230,28232,2
11629,11630,28244,28247,3
11629,11630,28324,28350,26
11629,11631,125,132,7
11629,11631,137,138,1
11629,11631,141,147,6
11629,11631,1889,1890,1
11629,11631,1913,1934,21
11629,11631,1942,1943,1
11629,11631,1948,1952,4
11629,11631,1961,1967,6
11629,11631,2117,2125,8
11629,11631,2154,2171,17
11629,11631,2173,2174,1
11629,11631,2186,2206,20
11629,11631,2231,2232,1
11629,11631,2291,2292,1
11629,11631,2294,2296,2
11629,11631,2344,2347,3
11629,11631,4554,4555,1
11629,11631,4557,4561,4
11629,11631,14865,14871,6
11629,11631,14875,14943,68
11629,11631,14955,14963,8
11629,11631,14968,14974,6
11629,11631,14976,14978,2
11629,11631,15321,15333,12
11629,11631,15335,15372,37
11629,11631,15533,15567,34
11629,11631,15632,15711,79
11629,11631,15806,15808,2
11629,11631,15810,15820,10
11629,11631,15959,15979,20
11629,11631,15985,15988,3
11629,11631,15990,16003,13
11629,11631,16008,16022,14
11629,11631,16024,16033,9
11629,11631,16036,16038,2
11629,11631,16055,16059,4
11629,11631,16082,16084,2
11629,11631,16100,16127,27
11629,11631,16142,16150,8
11629,11631,16153,16154,1
11629,11631,16217,16230,13
11629,11631,16235,16236,1
11629,11631,16241,16249,8
11629,11631,16251,16256,5
11629,11631,16258,16266,8
11629,11631,16278,16280,2
11629,11631,16723,16725,2
11629,11631,26700,26706,6
11629,11631,26708,26734,26
11629,11631,26739,26743,4
11629,11631,26767,26810,43
11629,11631,26820,26821,1
11629,11631,26826,26835,9
11629,11631,26838,26843,5
11629,11631,26846,26847,1
11629,11631,27300,27301,1
11629,11632,1981,1994,13
11629,11632,2000,2019,19
11629,11632,2050,2077,27
11629,11632,2155,2165,10
11629,11632,2182,2198,16
11629,11632,2207,2211,4
11629,11632,2213,2235,22
11629,11632,2237,2238,1
11629,11632,2261,2269,8
11629,11632,4036,4047,11
11629,11632,4078,4125,47
11629,11632,4152,4153,1
11629,11632,4161,4163,2
11629,11632,4643,4679,36
11629,11632,4906,4911,5
11629,11632,4913,4914,1
11629,11632,4918,4921,3
11629,11632,4928,4929,1
11629,11632,4944,4949,5
11629,11632,4953,4957,4
11629,11632,4976,5003,27
11629,11632,5041,5050,9
11629,11632,5278,5284,6
11629,11632,6980,7085,105
11629,11632,26926,26928,2
11629,11632,26930,26945,15
11629,11632,26948,26957,9
11629,11632,26965,27011,46
11629,11632,27013,27017,4
11629,11632,27035,27037,2
11629,11632,27087,27259,172
11629,11632,27261,27266,5
11629,11632,27271,27274,3
11629,11632,27281,27394,113
11629,11632,27403,27476,73
11629,11632,27480,27688,208
11629,11632,27690,27705,15
11629,11632,27740,27741,1
11629,11632,27774,27775,1
11629,11633,365,431,66
11629,11633,433,467,34
11629,11633,470,473,3
11629,11633,477,604,127
11629,11633,608,610,2
11629,11633,1219,1222,3
11629,11633,1230,1235,5
11629,11633,1353,1354,1
11629,11633,1362,1373,11
11629,11633,1379,1383,4
11629,11633,1385,1392,7
11629,11633,1403,1411,8
11629,11633,1413,1432,19
11629,11633,1440,1441,1
11629,11633,1476,1484,8
11629,11633,2388,2391,3
11629,11633,2395,2398,3
11629,11633,2401,2413,12
11629,11633,2418,2422,4
11629,11633,2424,2427,3
11629,11633,3783,3790,7
11629,11633,3793,3794,1
11629,11633,3796,3809,13
11629,11633,3814,3850,36
11629,11633,3864,3865,1
11629,11633,4092,4093,1
11629,11633,4095,4096,1
11629,11633,7197,7263,66
11629,11633,7267,7268,1
11629,11633,7270,7271,1
11629,11633,7292,7302,10
11629,11633,7305,7407,102
11629,11633,7410,7419,9
11629,11633,7422,7425,3
11629,11633,7439,7451,12
11629,11633,7458,7511,53
11629,11633,7534,7537,3
11629,11633,7554,7580,26
11629,11633,8023,8032,9
11629,11633,15838,15839,1
11629,11633,15841,15843,2
11629,11633,16715,16722,7
11629,11633,16727,16729,2
11629,11633,16758,16759,1
11629,11633,16966,16998,32
11629,11633,25303,25319,16
11629,11633,25326,25339,13
11629,11633,25615,25616,1
11629,11633,25620,25623,3
11629,11633,25636,25639,3
11629,11633,25651,25660,9
11629,11633,25712,25714,2
11629,11633,25734,25736,2
11629,11633,25742,25752,10
11629,11633,25756,25764,8
11629,11633,25767,25781,14
11629,11633,25784,25787,3
11629,11633,25789,25803,14
11629,11633,25805,25831,26
11629,11633,25877,25906,29
11629,11633,25982,26030,48
11629,11633,26038,26046,8
11629,11633,26049,26051,2
11629,11633,26054,26056,2
11629,11633,26074,26076,2
11629,11633,26078,26079,1
11629,11633,26123,26317,194
11629,11633,26330,26363,33
11629,11633,26367,26588,221
11629,11633,26594,26607,13
11629,11633,26615,26630,15
11629,11633,26636,26637,1
11629,11633,26654,26657,3
11629,11633,26660,26675,15
11629,11633,26678,26709,31
11629,11633,26713,26764,51
11629,11633,27898,27933,35
11629,11633,27996,28194,198
11629,11633,28196,28198,2
11629,11633,28200,28201,1
11629,11633,28205,28208,3
11629,11633,28241,28242,1
11629,11633,28248,28249,1
11629,11633,28260,28280,20
11629,11633,28284,28287,3
11629,11633,28544,28552,8
11629,11633,28555,28566,11
11629,11633,28569,28571,2
11629,11633,28577,28623,46
11629,11633,28629,28630,1
11629,11633,28696,28701,5
11629,11634,2442,2444,2
11629,11634,7640,7641,1
11629,11634,7646,7680,34
11629,11634,7688,7693,5
11629,11634,7698,7715,17
11629,11634,7722,7723,1
11629,11634,7726,8013,287
11629,11634,8016,8021,5
11629,11634,8023,8024,1
11629,11634,8076,8103,27
11629,11634,8105,8109,4
11629,11634,8130,8133,3
11629,11634,8139,8142,3
11629,11634,8148,8153,5
11629,11634,8155,8160,5
11629,11634,8755,8757,2
11629,11634,10139,10141,2
11629,11634,10144,10169,25
11629,11634,10174,10175,1
11629,11634,10181,10186,5
11629,11634,10192,10206,14
11629,11634,10842,10844,2
11629,11634,10871,10943,72
11629,11634,10956,11003,47
11629,11634,11005,11041,36
11629,11634,11274,11288,14
11629,11634,11290,11298,8
11629,11634,11682,11686,4
11629,11634,11694,11696,2
11629,11634,11701,11707,6
11629,11634,15711,15713,2
11629,11634,15715,15754,39
11629,11634,15829,15836,7
11629,11634,15859,15879,20
11629,11634,15940,15947,7
11629,11634,15954,15957,3
11629,11634,15960,15961,1
11629,11634,15964,15966,2
11629,11634,16763,16783,20
11629,11634,28087,28089,2
11629,11634,28094,28205,111
11629,11634,28207,28264,57
11629,11634,28267,28269,2
11629,11634,28271,28367,96
11629,11634,28432,28450,18
11629,11634,28505,28509,4
11629,11634,28512,28513,1
11629,11634,28526,28528,2
11629,11634,28545,28554,9
11629,11635,4599,4600,1
11629,11635,4637,4683,46
11629,11635,4995,4996,1
11629,11635,5001,5002,1
11629,11635,5028,5032,4
11629,11635,5957,5984,27
11629,11635,5986,5987,1
11629,11635,5989,6011,22
11629,11635,6017,6018,1
11629,11635,7418,7442,24
11629,11635,7445,7450,5
11629,11635,7935,7953,18
11629,11635,7955,8066,111
11629,11635,8080,8118,38
11629,11635,8120,8132,12
11629,11635,9323,9324,1
11629,11635,9371,9400,29
11629,11635,16942,16947,5
11629,11635,16951,16960,9
11629,11635,16972,16979,7
11629,11635,17023,17142,119
11629,11635,17187,17211,24
11629,11635,18158,18161,3
11629,11635,18164,18172,8
11629,11635,18188,18209,21
11629,11635,18712,18713,1
11629,11635,18718,18735,17
11629,11635,18739,18742,3
11629,11635,18745,18748,3
11629,11635,18751,18768,17
11629,11635,18784,18792,8
11629,11635,18794,18878,84
11629,11635,18909,18975,66
11629,11635,18978,18982,4
11629,11635,19061,19062,1
11629,11635,19168,19169,1
11629,11635,19243,19245,2
11629,11635,19250,19251,1
11629,11635,19257,19264,7
11629,11635,19266,19317,51
11629,11635,19321,19323,2
11629,11635,19582,19587,5
11629,11635,19600,19602,2
11629,11635,19604,19621,17
11629,11635,20582,20682,100
11629,11635,20687,20689,2
11629,11635,20696,20701,5
11629,11635,20764,20856,92
11629,11635,20858,20860,2
11629,11635,21400,21409,9
11629,11635,21411,21418,7
11629,11635,21421,21429,8
11629,11635,25328,25334,6
11629,11635,25340,25341,1
11629,11635,25354,25357,3
11629,11635,25505,25518,13
11629,11635,25615,25663,48
11629,11635,25669,25674,5
11629,11635,25695,25712,17
11629,11635,25719,25728,9
11629,11635,25730,25731,1
11629,11635,25797,25799,2
11629,11635,25880,25937,57
11629,11635,25955,25970,15
11629,11635,25977,25981,4
11629,11635,27288,27297,9
11629,11636,1009,1010,1
11629,11636,1012,1013,1
11629,11636,1018,1019,1
11629,11636,4092,4136,44
11629,11636,10624,10628,4
11629,11636,10709,10727,18
11629,11636,10758,10769,11
11629,11636,10771,10783,12
11629,11636,10787,10798,11
11629,11636,10800,10801,1
11629,11636,10839,10841,2
11629,11636,10845,10846,1
11629,11636,10853,10901,48
11629,11636,10903,10917,14
11629,11636,10919,10931,12
11629,11636,10996,11008,12
11629,11636,11042,11079,37
11629,11636,11105,11168,63
11629,11636,11181,11185,4
11629,11636,11187,11188,1
11629,11636,11196,11198,2
11629,11636,11292,11315,23
11629,11636,11455,11456,1
11629,11636,11458,11490,32
11629,11636,11492,11500,8
11629,11636,11503,11504,1
11629,11636,11506,11507,1
11629,11636,11641,11648,7
11629,11636,11651,11672,21
11629,11636,11680,11681,1
11629,11636,11785,11792,7
11629,11636,11798,11800,2
11629,11636,11811,11816,5
11629,11636,11851,11853,2
11629,11636,11863,11866,3
11629,11636,13450,13458,8
11629,11636,15155,15156,1
11629,11636,15171,15232,61
11629,11636,15251,15255,4
11629,11636,15262,15269,7
11629,11636,15276,15296,20
11629,11636,15300,15330,30
11629,11636,15340,15360,20
11629,11636,15362,15366,4
11629,11636,16089,16096,7
11629,11636,16098,16102,4
11629,11636,16176,16177,1
11629,11636,16179,16183,4
11629,11636,16188,16190,2
11629,11636,16194,16207,13
11629,11636,16242,16250,8
11629,11636,16252,16308,56
11629,11636,16311,16313,2
11629,11636,16626,16628,2
11629,11636,16951,17016,65
11629,11636,18003,18008,5
11629,11636,18045,18046,1
11629,11636,18049,18058,9
11629,11636,18069,18075,6
11629,11636,18078,18092,14
11629,11636,18094,18130,36
11629,11636,18132,18134,2
11629,11636,18157,18262,105
11629,11636,18264,18267,3
11629,11636,18269,18271,2
11629,11636,18315,18320,5
11629,11636,18322,18327,5
11629,11636,18348,18365,17
11629,11636,18831,18832,1
11629,11636,18834,18848,14
11629,11636,18901,18903,2
11629,11636,18907,18909,2
11629,11636,18982,19019,37
11629,11636,19021,19054,33
11629,11636,19506,19512,6
11629,11636,19523,19526,3
11629,11636,19540,19543,3
11629,11636,19547,19554,7
11629,11636,19561,19570,9
11629,11636,19580,19586,6
11629,11636,19588,19597,9
11629,11636,19843,19862,19
11629,11636,19895,19896,1
11629,11636,19901,19967,66
11629,11636,19973,19977,4
11629,11636,19979,19981,2
11629,11636,21681,21683,2
11629,11636,21687,21716,29
11629,11636,21734,21748,14
11629,11637,1007,1010,3
11629,11637,1012,1013,1
11629,11637,1020,1021,1
11629,11637,1024,1026,2
11629,11637,1046,1047,1
11629,11637,1049,1050,1
11629,11637,1226,1227,1
11629,11637,1229,1304,75
11629,11637,1368,1407,39
11629,11637,1409,1414,5
11629,11637,1435,1475,40
11629,11637,1485,1489,4
11629,11637,1492,1494,2
11629,11637,1513,1514,1
11629,11637,1553,1572,19
11629,11637,1592,1594,2
11629,11637,1598,1642,44
11629,11637,1645,1653,8
11629,11637,7777,7791,14
11629,11637,7793,7825,32
11629,11637,7855,7864,9
11629,11637,7867,7874,7
11629,11637,7886,7891,5
11629,11637,7894,8012,118
11629,11637,8027,8028,1
11629,11637,8030,8041,11
11629,11637,8065,8066,1
11629,11637,8069,8071,2
11629,11637,8087,8093,6
11629,11637,8098,8134,36
11629,11637,8136,8137,1
11629,11637,8148,8160,12
11629,11637,8487,8491,4
11629,11637,8495,8514,19
11629,11637,8518,8519,1
11629,11637,8521,8575,54
11629,11637,8577,8647,70
11629,11637,8663,8667,4
11629,11637,8669,8671,2
11629,11637,8674,8796,122
11629,11637,8810,8812,2
11629,11637,8817,8826,9
11629,11637,8831,8889,58
11629,11637,8894,8972,78
11629,11637,8976,8993,17
11629,11637,9021,9024,3
11629,11637,9229,9250,21
11629,11637,9254,9260,6
11629,11637,10895,10898,3
11629,11637,10910,10925,15
11629,11637,10927,10929,2
11629,11637,10993,11025,32
11629,11637,11036,11046,10
11629,11637,11050,11065,15
11629,11637,11286,11294,8
11629,11637,11296,11300,4
11629,11637,11302,11303,1
11629,11637,11308,11397,89
11629,11637,11399,11403,4
11629,11637,11406,11407,1
11629,11637,20371,20381,10
11629,11637,20384,20385,1
11629,11637,20389,20397,8
11629,11637,20401,20404,3
11629,11637,20417,20425,8
11629,11637,20435,20438,3
11629,11637,20441,20442,1
11629,11637,20470,20476,6
11629,11637,20481,20485,4
11629,11637,20515,20526,11
11629,11637,20529,20534,5
11629,11637,21174,21249,75
11629,11637,21267,21268,1
11629,11637,21270,21275,5
11629,11637,21398,21410,12
11629,11637,21414,21416,2
11629,11637,21475,21479,4
11629,11637,21485,21486,1
11629,11637,21488,21500,12
11629,11637,21512,21516,4
11629,11637,21540,21547,7
11629,11637,21551,21774,223
11629,11637,21776,21777,1
11629,11637,21783,21812,29
11629,11637,21814,21816,2
11629,11637,21846,21848,2
11629,11637,21871,21890,19
11629,11637,21893,21936,43
11629,11637,21978,21980,2
11629,11637,21996,21997,1
11629,11637,22000,22003,3
11629,11637,22027,22028,1
11629,11637,22030,22110,80
11629,11637,22754,22770,16
11629,11637,22799,22800,1
11629,11637,23150,23151,1
11629,11637,24670,24674,4
11629,11637,25300,25302,2
11629,11637,25329,25332,3
11629,11637,25338,25339,1
11629,11637,26952,26954,2
11629,11637,26965,27047,82
11629,11637,28235,28239,4
11629,11637,28253,28254,1
11629,11637,28308,28335,27
11629,11637,28341,28375,34
11629,11638,7724,7745,21
11629,11638,7756,7757,1
11629,11638,7760,7761,1
11629,11638,7928,7931,3
11629,11638,8484,8570,86
11629,11638,8781,8807,26
11629,11638,8812,8814,2
11629,11638,8816,9009,193
11629,11638,9016,9017,1
11629,11638,9020,9024,4
11629,11638,9027,9037,10
11629,11638,9039,9042,3
11629,11638,9046,9053,7
11629,11638,9063,9067,4
11629,11638,9086,9088,2
11629,11638,9090,9094,4
11629,11638,9159,9163,4
11629,11638,9167,9170,3
11629,11638,9182,9183,1
11629,11638,9186,9187,1
11629,11638,9190,9196,6
11629,11638,9199,9237,38
11629,11638,9293,9299,6
11629,11638,9304,9305,1
11629,11638,9307,9308,1
11629,11638,9311,9341,30
11629,11638,9361,9366,5
11629,11638,9368,9377,9
11629,11638,9384,9387,3
11629,11638,9393,9532,139
11629,11638,9590,9591,1
11629,11638,9594,9596,2
11629,11638,9603,9607,4
11629,11638,9625,9724,99
11629,11638,9792,9793,1
11629,11638,9795,9817,22
11629,11638,9819,9822,3
11629,11638,9824,9889,65
11629,11638,9891,9956,65
11629,11638,9958,9971,13
11629,11638,9988,9994,6
11629,11638,10154,10163,9
11629,11638,10391,10406,15
11629,11638,10544,10546,2
11629,11638,10562,10568,6
11629,11638,10573,10594,21
11629,11638,10718,10719,1
11629,11638,11043,11217,174
11629,11638,11242,11246,4
11629,11638,11255,11258,3
11629,11638,11264,11297,33
11629,11638,11413,11583,170
11629,11638,11591,11594,3
11629,11638,11598,11605,7
11629,11638,11629,11771,142
11629,11638,11883,11954,71
11629,11638,12020,12044,24
11629,11638,12074,12076,2
11629,11638,12078,12079,1
11629,11638,12093,12131,38
11629,11638,12224,12226,2
11629,11638,12230,12264,34
11629,11638,12548,12550,2
11629,11638,15943,16152,209
11629,11638,16154,16171,17
11629,11638,16175,16177,2
11629,11638,16181,16184,3
11629,11638,16186,16200,14
11629,11638,16204,16205,1
11629,11638,16253,16256,3
11629,11638,16273,16280,7
11629,11638,16494,16527,33
11629,11638,16529,16533,4
11629,11638,16551,16553,2
11629,11638,16561,16564,3
11629,11638,16573,16597,24
11629,11638,16601,16666,65
11629,11638,16684,16685,1
11629,11638,16813,16822,9
11629,11638,16825,16836,11
11629,11638,16838,16841,3
11629,11638,18142,18144,2
11629,11638,18155,18350,195
11629,11638,18545,18550,5
11629,11638,18552,18555,3
11629,11638,18840,18847,7
11629,11638,18868,18872,4
11629,11638,18879,18896,17
11629,11638,18991,19004,13
11629,11638,19027,19028,1
11629,11638,19081,19086,5
11629,11638,19089,19136,47
11629,11638,19142,19143,1
11629,11638,19957,19966,9
11629,11638,19972,19973,1
11629,11638,20533,20546,13
11629,11638,23730,23777,47
11629,11638,23779,23780,1
11629,11638,24042,24045,3
11629,11638,24049,24059,10
11629,11638,24061,24100,39
11629,11638,24111,24112,1
11629,11638,24205,24212,7
11629,11638,24236,24246,10
11629,11638,24307,24336,29
11629,11638,24338,24356,18
11629,11638,24363,24364,1
11629,11638,24366,24394,28
11629,11638,24398,24413,15
11629,11638,24415,24507,92
11629,11638,24535,24567,32
11629,11638,24615,24617,2
11629,11638,24625,24681,56
11629,11638,24687,24825,138
11629,11638,24827,24828,1
11629,11638,24832,24855,23
11629,11638,24858,24951,93
11629,11638,24958,24959,1
11629,11638,24980,25003,23
11629,11638,25005,25035,30
11629,11638,25042,25043,1
11629,11638,25048,25051,3
11629,11638,25053,25056,3
11629,11638,25071,25073,2
11629,11638,25081,25085,4
11629,11638,25160,25165,5
11629,11638,25225,25232,7
11629,11638,25234,25243,9
11629,11638,25265,25267,2
11629,11638,25362,25435,73
11629,11638,25455,25456,1
11629,11638,25485,25486,1
11629,11638,25790,25791,1
11629,11638,25795,25806,11
11629,11638,25809,25810,1
11629,11638,25812,25817,5
11629,11639,5248,5259,11
11629,11639,5264,5275,11
11629,11639,5287,5290,3
11629,11639,7923,7925,2
11629,11639,8239,8241,2
11629,11639,8247,8256,9
11629,11639,8258,8333,75
11629,11639,8335,8340,5
11629,11639,8343,8473,130
11629,11639,8475,8477,2
11629,11639,8479,8480,1
11629,11639,8612,8614,2
11629,11639,8622,8632,10
11629,11639,8650,8651,1
11629,11639,8653,8673,20
11629,11639,8680,8682,2
11629,11639,8684,8688,4
11629,11639,8765,8766,1
11629,11639,8775,8822,47
11629,11639,8824,8835,11
11629,11639,8847,8849,2
11629,11639,8855,8857,2
11629,11639,8866,8867,1
11629,11639,8870,8871,1
11629,11639,8874,8896,22
11629,11639,8921,8981,60
11629,11639,8985,8986,1
11629,11639,8988,8989,1
11629,11639,8998,9153,155
11629,11639,9183,9185,2
11629,11639,9208,9233,25
11629,11639,9237,9238,1
11629,11639,9243,9244,1
11629,11639,9258,9261,3
11629,11639,9265,9267,2
11629,11639,9270,9271,1
11629,11639,9286,9296,10
11629,11639,9299,9323,24
11629,11639,9328,9329,1
11629,11639,9371,9373,2
11629,11639,9378,9393,15
11629,11639,9402,9409,7
11629,11639,9412,9444,32
11629,11639,9449,9452,3
11629,11639,9531,9547,16
11629,11639,9594,9595,1
11629,11639,9597,9598,1
11629,11639,9600,9609,9
11629,11639,9623,9701,78
11629,11639,9712,9717,5
11629,11639,9931,9937,6
11629,11639,9939,9941,2
11629,11639,10007,10008,1
11629,11639,10023,10088,65
11629,11639,10108,10121,13
11629,11639,24318,24326,8
11629,11639,24329,24382,53
11629,11639,24442,24593,151
11629,11639,24599,24648,49
11629,11639,24650,24651,1
11629,11639,24702,24707,5
11629,11639,24710,24814,104
11629,11639,24816,24967,151
11629,11639,25444,25448,4
11629,11639,25509,25603,94
11629,11639,25605,25621,16
11629,11639,25623,25624,1
11629,11639,25628,25649,21
11629,11639,25695,25711,16
11629,11639,25722,25731,9
11629,11639,26229,26243,14
11629,11640,9884,9893,9
11629,11640,9910,9911,1
11629,11640,10773,10801,28
11629,11640,10806,10827,21
11629,11640,10829,10834,5
11629,11640,10837,10838,1
11629,11640,10841,10851,10
11629,11640,10874,10909,35
11629,11640,10921,10923,2
11629,11640,10927,10962,35
11629,11640,10965,10987,22
11629,11640,10993,10994,1
11629,11640,11026,11029,3
11629,11640,11309,11310,1
11629,11640,11313,11338,25
11629,11640,11340,11385,45
11629,11640,11900,11948,48
11629,11640,11965,11987,22
11629,11640,12015,12021,6
11629,11640,12034,12041,7
11629,11640,12092,12098,6
11629,11640,12102,12130,28
11629,11640,12132,12231,99
11629,11640,12240,12248,8
11629,11640,12671,12674,3
11629,11640,12679,12684,5
11629,11640,12781,12787,6
11629,11640,13394,13395,1
11629,11640,13403,13421,18
11629,11640,16837,16840,3
11629,11640,18196,18209,13
11629,11640,23738,23788,50
11629,11640,23844,23845,1
11629,11640,23874,23875,1
11629,11640,23883,23913,30
11629,11640,23925,23936,11
11629,11640,23938,23954,16
11629,11640,24305,24359,54
11629,11640,24362,24371,9
11629,11640,24374,24377,3
11629,11640,24383,24384,1
11629,11640,24387,24400,13
11629,11640,24403,24408,5
11629,11640,24412,24416,4
11629,11640,24683,24685,2
11629,11640,24688,24701,13
11629,11640,24706,24714,8
11629,11640,24722,24731,9
11629,11640,24821,24842,21
11629,11640,24845,24860,15
11629,11640,24888,24891,3
11629,11640,24908,24909,1
11629,11640,24957,24961,4
11629,11640,24964,25063,99
11629,11640,25070,25072,2
11629,11640,25074,25086,12
11629,11640,25091,25092,1
11629,11640,25098,25146,48
11629,11640,25152,25196,44
11629,11640,25201,25202,1
11629,11640,25208,25227,19
11629,11640,25243,25260,17
11629,11640,25265,25269,4
11629,11640,25314,25315,1
11629,11640,25364,25368,4
11629,11640,25370,25399,29
11629,11640,25407,25439,32
11629,11640,25448,25485,37
11629,11640,27845,27850,5
11629,11640,27855,28031,176
11630,11631,5510,5544,34
11630,11631,5546,5547,1
11630,11631,14200,14269,69
11630,11631,14273,14282,9
11630,11631,14293,14296,3
11630,11631,14303,14304,1
11630,11631,17050,17059,9
11630,11631,17061,17102,41
11630,11631,17412,17421,9
11630,11631,17424,17425,1
11630,11631,17460,17470,10
11630,11631,18002,18040,38
11630,11631,18251,18259,8
11630,11631,18307,18308,1
11630,11631,18312,18343,31
11630,11631,18351,18359,8
11630,11631,18614,18619,5
11630,11631,18621,18628,7
11630,11631,18632,18633,1
11630,11631,18635,18636,1
11630,11631,18678,18697,19
11630,11631,18705,18707,2
11630,11631,18735,18741,6
11630,11631,18783,18905,122
11630,11631,18912,18922,10
11630,11631,18945,18958,13
11630,11631,18960,18966,6
11630,11631,19129,19152,23
11630,11631,19281,19294,13
11630,11631,20467,20468,1
11630,11631,20547,20552,5
11630,11631,20556,20561,5
11630,11631,20589,20594,5
11630,11631,20607,20620,13
11630,11631,20622,20623,1
11630,11631,20626,20628,2
11630,11631,20630,20645,15
11630,11631,20647,20648,1
11630,11631,21333,21335,2
11630,11631,21405,21485,80
11630,11631,21659,21660,1
11630,11631,21662,21716,54
11630,11631,21725,21731,6
11630,11631,21734,21759,25
11630,11631,21761,21763,2
11630,11631,21766,21772,6
11630,11631,21776,21787,11
11630,11631,21805,21808,3
11630,11631,21812,21825,13
11630,11631,21829,21836,7
11630,11631,21839,21840,1
11630,11631,22127,22155,28
11630,11631,22164,22168,4
11630,11631,22170,22182,12
11630,11631,22185,22239,54
11630,11631,22258,22290,32
11630,11631,22292,22297,5
11630,11631,22301,22307,6
11630,11631,22312,22343,31
11630,11631,22348,22440,92
11630,11631,22450,22471,21
11630,11631,22475,22492,17
11630,11631,22494,22553,59
11630,11631,22569,22627,58
11630,11631,22632,22633,1
11630,11631,27283,27345,62
11630,11632,4297,4302,5
11630,11632,4306,4309,3
11630,11632,4333,4336,3
11630,11632,4346,4347,1
11630,11632,4442,4445,3
11630,11632,4452,4459,7
11630,11632,5025,5027,2
11630,11632,5030,5044,14
11630,11632,5063,5114,51
11630,11632,5121,5125,4
11630,11632,5132,5136,4
11630,11632,5173,5226,53
11630,11632,5231,5243,12
11630,11632,5410,5447,37
11630,11632,5450,5456,6
11630,11632,5458,5472,14
11630,11632,5500,5510,10
11630,11632,5555,5651,96
11630,11632,5689,5742,53
11630,11632,6064,6065,1
11630,11632,6145,6180,35
11630,11632,6204,6205,1
11630,11632,6219,6224,5
11630,11632,6233,6235,2
11630,11632,6239,6245,6
11630,11632,6247,6302,55
11630,11632,6310,6320,10
11630,11632,6322,6390,68
11630,11632,6394,6575,181
11630,11632,6629,6634,5
11630,11632,6636,6638,2
11630,11632,6642,6643,1
11630,11632,6645,6646,1
11630,11632,6652,6653,1
11630,11632,6655,6659,4
11630,11632,6679,6681,2
11630,11632,6695,6703,8
11630,11632,7196,7197,1
11630,11632,7202,7209,7
11630,11632,7217,7223,6
11630,11632,7252,7267,15
11630,11632,17589,17590,1
11630,11632,17593,17607,14
11630,11632,17614,17615,1
11630,11632,17623,17631,8
11630,11632,17634,17745,111
11630,11632,27302,27309,7
11630,11632,27320,27322,2
11630,11633,577,585,8
11630,11633,599,600,1
11630,11633,4365,4372,7
11630,11633,4375,4380,5
11630,11633,4483,4488,5
11630,11633,4490,4491,1
11630,11633,4516,4517,1
11630,11633,5115,5135,20
11630,11633,5137,5212,75
11630,11633,5598,5670,72
11630,11633,5676,5678,2
11630,11633,5686,5694,8
11630,11633,14875,14888,13
11630,11633,15461,15462,1
11630,11633,15634,15640,6
11630,11633,15642,15664,22
11630,11633,17126,17282,156
11630,11633,17293,17310,17
11630,11633,17314,17397,83
11630,11633,19097,19103,6
11630,11633,19105,19151,46
11630,11633,19153,19175,22
11630,11633,19177,19281,104
11630,11633,19487,19538,51
11630,11633,19540,19554,14
11630,11633,19558,19575,17
11630,11633,19579,19603,24
11630,11633,19607,19609,2
11630,11633,19627,19628,1
11630,11633,19719,19720,1
11630,11633,20061,20065,4
11630,11633,20116,20117,1
11630,11633,20122,20126,4
11630,11633,20155,20161,6
11630,11633,20165,20168,3
11630,11633,20208,20218,10
11630,11633,20227,20256,29
11630,11633,20259,20263,4
11630,11633,20265,20273,8
11630,11633,20279,20395,116
11630,11633,20407,20409,2
11630,11633,20420,20439,19
11630,11633,20517,20520,3
11630,11633,20523,20539,16
11630,11633,27595,27596,1
11630,11633,27609,27612,3
11630,11633,27614,27622,8
11630,11633,27629,27634,5
11630,11633,27639,27643,4
11630,11633,27647,27658,11
11630,11633,27666,27671,5
11630,11633,27674,27677,3
11630,11633,27683,27686,3
11630,11633,27691,27840,149
11630,11633,27846,27850,4
11630,11633,27865,27869,4
11630,11633,27871,27872,1
11630,11633,27874,27920,46
11630,11633,27922,27931,9
11630,11633,27941,27943,2
11630,11633,27947,27957,10
11630,11633,27995,28040,45
11630,11633,28048,28061,13
11630,11633,28064,28065,1
11630,11633,28069,28081,12
11630,11633,28087,28098,11
11630,11633,28116,28130,14
11630,11633,28167,28178,11
11630,11633,28189,28195,6
11630,11634,2796,2815,19
11630,11634,2822,2848,26
11630,11634,2852,2856,4
11630,11634,2869,2880,11
11630,11634,2884,2888,4
11630,11634,2896,2899,3
11630,11634,2901,2903,2
11630,11634,3002,3012,10
11630,11634,3032,3110,78
11630,11634,3112,3126,14
11630,11634,3130,3164,34
11630,11634,3170,3189,19
11630,11634,3205,3397,192
11630,11634,3403,3409,6
11630,11634,3421,3427,6
11630,11634,3438,3443,5
11630,11634,3446,3448,2
11630,11634,3474,3538,64
11630,11634,3541,3544,3
11630,11634,3549,3551,2
11630,11634,3558,3593,35
11630,11634,3604,3607,3
11630,11634,3609,3647,38
11630,11634,4077,4091,14
11630,11634,5010,5011,1
11630,11634,5603,5612,9
11630,11634,5616,5617,1
11630,11634,5637,5639,2
11630,11634,5648,5742,94
11630,11634,5745,5746,1
11630,11634,5804,5821,17
11630,11634,5823,5826,3
11630,11634,5833,5834,1
11630,11634,5870,5880,10
11630,11634,5890,5891,1
11630,11634,5894,5923,29
11630,11634,5925,5928,3
11630,11634,5930,5942,12
11630,11634,5944,5945,1
11630,11634,5954,5957,3
11630,11634,5961,5972,11
11630,11634,5978,5987,9
11630,11634,5989,5991,2
11630,11634,5995,6002,7
11630,11634,6766,6775,9
11630,11634,6790,6797,7
11630,11634,6813,6815,2
11630,11634,6822,6861,39
11630,11634,6923,6924,1
11630,11634,6936,6948,12
11630,11634,6950,6951,1
11630,11634,6953,6979,26
11630,11634,6983,6986,3
11630,11634,7016,7018,2
11630,11634,7053,7054,1
11630,11634,7060,7061,1
11630,11634,7110,7115,5
11630,11634,7117,7121,4
11630,11634,7124,7126,2
11630,11634,7154,7163,9
11630,11634,10396,10397,1
11630,11634,10466,10467,1
11630,11634,10471,10487,16
11630,11634,19455,19456,1
11630,11634,27214,27243,29
11630,11634,27247,27249,2
11630,11634,27262,27263,1
11630,11634,27265,27284,19
11630,11634,27287,27294,7
11630,11634,28117,28120,3
11630,11634,28126,28133,7
11630,11634,28211,28224,13
11630,11634,28226,28263,37
11630,11634,28285,28292,7
11630,11634,28294,28348,54
11630,11635,23,27,4
11630,11635,81,83,2
11630,11635,92,95,3
11630,11635,97,108,11
11630,11635,110,113,3
11630,11635,120,123,3
11630,11635,138,143,5
11630,11635,145,146,1
11630,11635,156,160,4
11630,11635,163,175,12
11630,11635,177,183,6
11630,11635,188,193,5
11630,11635,197,214,17
11630,11635,217,231,14
11630,11635,293,296,3
11630,11635,1099,1117,18
11630,11635,1120,1122,2
11630,11635,1124,1127,3
11630,11635,2880,2883,3
11630,11635,2889,2890,1
11630,11635,2893,2895,2
11630,11635,2900,2949,49
11630,11635,2951,2953,2
11630,11635,2955,2956,1
11630,11635,3082,3163,81
11630,11635,3165,3178,13
11630,11635,3255,3265,10
11630,11635,3268,3269,1
11630,11635,3271,3321,50
11630,11635,3708,3709,1
11630,11635,3724,3739,15
11630,11635,3742,3744,2
11630,11635,3746,3763,17
11630,11635,3806,3888,82
11630,11635,3891,3903,12
11630,11635,3907,3908,1
11630,11635,4164,4323,159
11630,11635,4330,4331,1
11630,11635,4335,4368,33
11630,11635,4836,4842,6
11630,11635,4848,4852,4
11630,11635,4887,4906,19
11630,11635,4908,4909,1
11630,11635,7191,7207,16
11630,11635,9202,9253,51
11630,11635,9259,9268,9
11630,11635,9309,9325,16
11630,11635,9327,9328,1
11630,11635,9342,9351,9
11630,11635,9386,9392,6
11630,11635,9395,9399,4
11630,11635,12544,12545,1
11630,11635,12852,12934,82
11630,11635,13505,13506,1
11630,11635,13522,13524,2
11630,11635,13527,13529,2
11630,11635,13896,13897,1
11630,11635,13902,13917,15
11630,11635,13919,13936,17
11630,11635,14120,14122,2
11630,11635,14157,14179,22
11630,11635,14181,14182,1
11630,11635,14578,14583,5
11630,11635,14594,14601,7
11630,11635,14613,14743,130
11630,11635,14952,14953,1
11630,11635,25751,25758,7
11630,11635,25762,25763,1
11630,11635,25779,25783,4
11630,11635,26362,26388,26
11630,11635,26396,26399,3
11630,11635,26832,26874,42
11630,11635,26876,26900,24
11630,11635,26931,26982,51
11630,11635,26984,26989,5
11630,11635,27005,27007,2
11630,11635,27011,27065,54
11630,11635,27160,27193,33
11630,11635,27219,27220,1
11630,11635,27223,27289,66
11630,11635,27295,27307,12
11630,11635,27327,27330,3
11630,11635,27335,27336,1
11630,11635,27338,27383,45
11630,11635,27386,27387,1
11630,11635,27391,27398,7
11630,11635,28526,28617,91
11630,11635,28661,28667,6
11630,11635,28669,28670,1
11630,11635,28672,28718,46
11630,11636,325,345,20
11630,11636,350,352,2
11630,11636,355,380,25
11630,11636,677,681,4
11630,11636,685,699,14
11630,11636,705,713,8
11630,11636,1161,1162,1
11630,11636,1165,1166,1
11630,11636,1168,1195,27
11630,11636,1211,1257,46
11630,11636,1259,1310,51
11630,11636,1415,1416,1
11630,11636,1418,1419,1
11630,11636,1447,1459,12
11630,11636,1531,1589,58
11630,11636,1597,1599,2
11630,11636,1601,1657,56
11630,11636,1660,1769,109
11630,11636,1941,1990,49
11630,11636,1993,1994,1
11630,11636,1996,1997,1
11630,11636,2901,2904,3
11630,11636,2908,2909,1
11630,11636,2912,2920,8
11630,11636,2922,2989,67
11630,11636,2995,2999,4
11630,11636,3007,3008,1
11630,11636,3150,3152,2
11630,11636,3159,3171,12
11630,11636,3176,3179,3
11630,11636,3252,3256,4
11630,11636,3259,3263,4
11630,11636,3266,3269,3
11630,11636,3271,3371,100
11630,11636,3382,3399,17
11630,11636,3404,3405,1
11630,11636,3422,3423,1
11630,11636,12410,12502,92
11630,11636,12687,12705,18
11630,11636,12712,12713,1
11630,11636,14026,14028,2
11630,11636,14172,14174,2
11630,11636,14181,14185,4
11630,11636,14187,14188,1
11630,11636,14291,14305,14
11630,11636,14307,14323,16
11630,11636,14330,14400,70
11630,11636,14522,14557,35
11630,11636,17272,17276,4
11630,11636,17279,17325,46
11630,11636,24828,24853,25
11630,11636,24869,24870,1
11630,11636,24872,24880,8
11630,11636,24918,24998,80
11630,11636,25001,25002,1
11630,11636,25004,25062,58
11630,11636,25120,25138,18
11630,11636,25140,25296,156
11630,11636,25305,25307,2
11630,11636,25310,25446,136
11630,11636,25471,25475,4
11630,11636,25478,25525,47
11630,11636,25531,25551,20
11630,11636,25556,25566,10
11630,11636,25591,25595,4
11630,11636,25599,25618,19
11630,11636,25627,25741,114
11630,11636,25791,25939,148
11630,11636,25984,26022,38
11630,11636,26028,26042,14
11630,11636,26045,26049,4
11630,11636,26051,26056,5
11630,11636,26065,26071,6
11630,11636,26073,26095,22
11630,11636,26109,26114,5
11630,11636,26119,26136,17
11630,11636,26139,26157,18
11630,11636,26548,26555,7
11630,11636,26557,26583,26
11630,11636,26586,26592,6
11630,11636,26596,26597,1
11630,11636,26601,26603,2
11630,11636,26609,26611,2
11630,11636,26617,26619,2
11630,11637,1964,2024,60
11630,11637,2026,2034,8
11630,11637,2041,2042,1
11630,11637,2044,2056,12
11630,11637,2127,2185,58
11630,11637,2210,2211,1
11630,11637,2213,2225,12
11630,11637,2229,2239,10
11630,11637,2255,2257,2
11630,11637,2260,2263,3
11630,11637,2279,2285,6
11630,11637,2289,2290,1
11630,11637,2304,2404,100
11630,11637,2543,2545,2
11630,11637,2547,2676,129
11630,11637,2678,2719,41
11630,11637,2732,2736,4
11630,11637,2967,2969,2
11630,11637,2988,2990,2
11630,11637,2992,2999,7
11630,11637,3397,3400,3
11630,11637,3409,3416,7
11630,11637,3607,3608,1
11630,11637,3610,3623,13
11630,11637,3650,3678,28
11630,11637,3685,3687,2
11630,11637,3694,3699,5
11630,11637,3701,3711,10
11630,11637,3720,3721,1
11630,11637,5142,5144,2
11630,11637,5761,5779,18
11630,11637,5791,5794,3
11630,11637,5798,5810,12
11630,11637,5812,5832,20
11630,11637,5857,5858,1
11630,11637,6049,6128,79
11630,11637,6152,6154,2
11630,11637,6160,6162,2
11630,11637,6174,6175,1
11630,11637,6177,6275,98
11630,11637,6425,6429,4
11630,11637,6437,6444,7
11630,11637,6448,6451,3
11630,11637,6455,6477,22
11630,11637,6501,6502,1
11630,11637,6576,6579,3
11630,11637,6598,6604,6
11630,11637,6607,6619,12
11630,11637,6623,6626,3
11630,11637,6712,6713,1
11630,11637,6768,6781,13
11630,11637,6786,6855,69
11630,11637,7031,7118,87
11630,11637,7127,7202,75
11630,11637,7204,7219,15
11630,11637,7224,7249,25
11630,11637,7307,7315,8
11630,11637,7317,7360,43
11630,11637,7366,7371,5
11630,11637,7374,7404,30
11630,11637,7458,7460,2
11630,11637,7473,7499,26
11630,11637,7532,7549,17
11630,11637,7597,7622,25
11630,11637,7627,7628,1
11630,11637,7658,7660,2
11630,11637,7704,7775,71
11630,11637,7980,7986,6
11630,11637,7990,7991,1
11630,11637,8377,8378,1
11630,11637,8391,8418,27
11630,11637,8420,8421,1
11630,11637,8425,8488,63
11630,11637,8552,8561,9
11630,11637,8563,8566,3
11630,11637,8573,8574,1
11630,11637,8578,8582,4
11630,11637,8897,8898,1
11630,11637,8910,8921,11
11630,11637,8925,8927,2
11630,11637,8932,8942,10
11630,11637,8946,8953,7
11630,11637,8956,8966,10
11630,11637,8969,8973,4
11630,11637,8977,8993,16
11630,11637,9000,9023,23
11630,11637,9028,9030,2
11630,11637,9186,9253,67
11630,11637,9256,9275,19
11630,11637,11162,11163,1
11630,11637,11187,11199,12
11630,11637,11201,11202,1
11630,11637,11209,11210,1
11630,11637,11215,11226,11
11630,11637,14950,14951,1
11630,11637,15083,15138,55
11630,11637,15140,15143,3
11630,11637,15156,15296,140
11630,11637,15305,15307,2
11630,11637,15497,15505,8
11630,11637,15507,15523,16
11630,11637,15549,15552,3
11630,11637,15554,15601,47
11630,11637,15906,15908,2
11630,11637,15910,15911,1
11630,11637,15913,15918,5
11630,11637,15924,15932,8
11630,11637,17537,17541,4
11630,11637,17545,17589,44
11630,11637,17591,17592,1
11630,11637,17599,17602,3
11630,11637,17604,17615,11
11630,11637,17622,17641,19
11630,11637,17655,17656,1
11630,11637,17667,17760,93
11630,11637,17994,18053,59
11630,11637,18055,18056,1
11630,11637,18059,18122,63
11630,11637,18233,18247,14
11630,11637,18338,18344,6
11630,11637,18399,18403,4
11630,11637,18406,18426,20
11630,11637,18606,18607,1
11630,11637,18913,18915,2
11630,11637,18917,18977,60
11630,11637,18979,18983,4
11630,11637,18985,18986,1
11630,11637,18996,18999,3
11630,11637,19028,19030,2
11630,11637,19113,19119,6
11630,11637,19128,19137,9
11630,11637,19770,19826,56
11630,11637,28246,28248,2
11630,11637,28360,28366,6
11630,11637,28368,28369,1
11630,11638,977,979,2
11630,11638,988,993,5
11630,11638,996,1012,16
11630,11638,1018,1020,2
11630,11638,1090,1249,159
11630,11638,1395,1396,1
11630,11638,1441,1472,31
11630,11638,1498,1537,39
11630,11638,1668,1674,6
11630,11638,1707,1738,31
11630,11638,1866,1868,2
11630,11638,1883,1885,2
11630,11638,1893,1895,2
11630,11638,1897,1914,17
11630,11638,1946,1949,3
11630,11638,1959,1960,1
11630,11638,1980,2056,76
11630,11638,2077,2078,1
11630,11638,2111,2112,1
11630,11638,2115,2124,9
11630,11638,2126,2131,5
11630,11638,2162,2163,1
11630,11638,2168,2172,4
11630,11638,2202,2204,2
11630,11638,2206,2210,4
11630,11638,3761,3931,170
11630,11638,3978,3985,7
11630,11638,3987,3991,4
11630,11638,4000,4004,4
11630,11638,4110,4125,15
11630,11638,4129,4131,2
11630,11638,4133,4150,17
11630,11638,4152,4157,5
11630,11638,4159,4257,98
11630,11638,4277,4303,26
11630,11638,4331,4348,17
11630,11638,4350,4362,12
11630,11638,4395,4400,5
11630,11638,4428,4430,2
11630,11638,4452,4467,15
11630,11638,4469,4477,8
11630,11638,4485,4490,5
11630,11638,4525,4527,2
11630,11638,4544,4659,115
11630,11638,5791,5792,1
11630,11638,6099,6107,8
11630,11638,6125,6127,2
11630,11638,6139,6146,7
11630,11638,6149,6154,5
11630,11638,6158,6233,75
11630,11638,6374,6375,1
11630,11638,8408,8412,4
11630,11638,8423,8493,70
11630,11638,8495,8499,4
11630,11638,8907,8908,1
11630,11638,8910,8919,9
11630,11638,8924,8928,4
11630,11638,8930,8933,3
11630,11638,8975,8976,1
11630,11638,8979,8981,2
11630,11638,8990,8997,7
11630,11638,9000,9024,24
11630,11638,9029,9030,1
11630,11638,9071,9075,4
11630,11638,9203,9204,1
11630,11638,9214,9218,4
11630,11638,9237,9241,4
11630,11638,9248,9250,2
11630,11638,9254,9258,4
11630,11638,9277,9483,206
11630,11638,9490,9491,1
11630,11638,9503,9521,18
11630,11638,9523,9664,141
11630,11638,9690,9694,4
11630,11638,9791,9843,52
11630,11638,11890,11918,28
11630,11638,11923,11992,69
11630,11638,12012,12022,10
11630,11638,13405,13409,4
11630,11638,13518,13540,22
11630,11638,17142,17144,2
11630,11638,17299,17343,44
11630,11638,17478,17480,2
11630,11638,17751,17753,2
11630,11638,17762,17763,1
11630,11638,17765,17766,1
11630,11638,17775,17843,68
11630,11638,17846,17852,6
11630,11638,21227,21228,1
11630,11638,21233,21237,4
11630,11638,21241,21250,9
11630,11638,21252,21272,20
11630,11638,21316,21366,50
11630,11638,21381,21387,6
11630,11638,21392,21393,1
11630,11638,21670,21671,1
11630,11638,21765,21788,23
11630,11638,21812,21821,9
11630,11638,21827,21896,69
11630,11638,21900,21901,1
11630,11638,22518,22521,3
11630,11638,22524,22530,6
11630,11638,22533,22615,82
11630,11638,23388,23390,2
11630,11638,23399,23488,89
11630,11638,23512,23516,4
11630,11638,23519,23546,27
11630,11638,23551,23560,9
11630,11638,23688,23697,9
11630,11638,23699,23801,102
11630,11638,23812,23823,11
11630,11638,23837,24007,170
11630,11638,24010,24013,3
11630,11638,24295,24297,2
11630,11638,25961,25962,1
11630,11638,25972,25982,10
11630,11638,25984,25987,3
11630,11638,25989,25991,2
11630,11638,25996,26002,6
11630,11638,26005,26047,42
11630,11638,26055,26057,2
11630,11638,26071,26072,1
11630,11639,6612,6622,10
11630,11639,6858,6875,17
11630,11639,6894,6895,1
11630,11639,6898,6930,32
11630,11639,6934,6983,49
11630,11639,7064,7067,3
11630,11639,7075,7078,3
11630,11639,7090,7179,89
11630,11639,7183,7187,4
11630,11639,7207,7213,6
11630,11639,8009,8010,1
11630,11639,8024,8028,4
11630,11639,8097,8189,92
11630,11639,8193,8196,3
11630,11639,8198,8199,1
11630,11639,8223,8241,18
11630,11639,8244,8249,5
11630,11639,8251,8252,1
11630,11639,8267,8291,24
11630,11639,8334,8337,3
11630,11639,8925,8976,51
11630,11639,9043,9046,3
11630,11639,9056,9064,8
11630,11639,9105,9106,1
11630,11639,9150,9165,15
11630,11639,9168,9238,70
11630,11639,9242,9251,9
11630,11639,9253,9254,1
11630,11639,9256,9261,5
11630,11639,9264,9274,10
11630,11639,9277,9278,1
11630,11639,9385,9393,8
11630,11639,9406,9442,36
11630,11639,9491,9504,13
11630,11639,9580,9589,9
11630,11639,9593,9596,3
11630,11639,9614,9620,6
11630,11639,9622,9625,3
11630,11639,9635,9636,1
11630,11639,9638,9651,13
11630,11639,9778,9908,130
11630,11639,9910,9913,3
11630,11639,9922,9932,10
11630,11639,9981,9983,2
11630,11639,10008,10019,11
11630,11639,10029,10030,1
11630,11639,10037,10050,13
11630,11639,10053,10056,3
11630,11639,10066,10069,3
11630,11639,10081,10082,1
11630,11639,10085,10099,14
11630,11639,10105,10107,2
11630,11639,10115,10267,152
11630,11639,10269,10387,118
11630,11639,11143,11144,1
11630,11639,14876,14877,1
11630,11639,14900,14907,7
11630,11639,15006,15016,10
11630,11639,15046,15051,5
11630,11639,15058,15060,2
11630,11639,15077,15086,9
11630,11639,15335,15362,27
11630,11639,15364,15374,10
11630,11639,15377,15378,1
11630,11639,15391,15400,9
11630,11639,15631,15757,126
11630,11639,15777,15792,15
11630,11639,15798,15810,12
11630,11639,15812,15815,3
11630,11639,15818,15819,1
11630,11639,15825,15826,1
11630,11639,15935,16006,71
11630,11639,16026,16032,6
11630,11639,16040,16043,3
11630,11639,16051,16052,1
11630,11639,16054,16056,2
11630,11639,17521,17522,1
11630,11639,17524,17532,8
11630,11639,17540,17612,72
11630,11639,17646,17650,4
11630,11639,17655,17677,22
11630,11639,17736,17737,1
11630,11639,18590,18591,1
11630,11639,18595,18599,4
11630,11639,18606,18615,9
11630,11639,18617,18625,8
11630,11639,18737,18747,10
11630,11639,18754,18756,2
11630,11639,18763,18836,73
11630,11639,18838,18845,7
11630,11639,18901,19010,109
11630,11639,19042,19204,162
11630,11639,19215,19228,13
11630,11639,19230,19246,16
11630,11639,19799,19803,4
11630,11639,24019,24245,226
11630,11639,24249,24258,9
11630,11639,24261,24265,4
11630,11639,24270,24272,2
11630,11639,24274,24297,23
11630,11639,24301,24304,3
11630,11639,24315,24332,17
11630,11639,24388,24405,17
11630,11639,24415,24440,25
11630,11639,25750,25763,13
11630,11639,25778,25783,5
11630,11639,25787,25794,7
11630,11639,25799,25803,4
11630,11639,25816,25928,112
11630,11639,25963,25979,16
11630,11639,25984,26095,111
11630,11639,26740,26743,3
11630,11639,26770,26792,22
11630,11640,211,242,31
11630,11640,287,303,16
11630,11640,1712,1727,15
11630,11640,2091,2094,3
11630,11640,2648,2654,6
11630,11640,2665,2666,1
11630,11640,2700,2703,3
11630,11640,2710,2716,6
11630,11640,2718,2736,18
11630,11640,2749,2766,17
11630,11640,3336,3338,2
11630,11640,3340,3342,2
11630,11640,3344,3348,4
11630,11640,3354,3357,3
11630,11640,11389,11431,42
11630,11640,11433,11461,28
11630,11640,11532,11545,13
11630,11640,11547,11551,4
11630,11640,11557,11567,10
11630,11640,11569,11616,47
11630,11640,11618,11619,1
11630,11640,11621,11626,5
11630,11640,11642,11646,4
11630,11640,11648,11651,3
11630,11640,11654,11664,10
11630,11640,11704,11705,1
11630,11640,11709,11710,1
11630,11640,11712,11716,4
11630,11640,11731,11740,9
11630,11640,11744,11752,8
11630,11640,11797,11803,6
11630,11640,11814,11817,3
11630,11640,11888,11891,3
11630,11640,11896,11902,6
11630,11640,11904,11908,4
11630,11640,11913,11924,11
11630,11640,11933,11941,8
11630,11640,11945,11948,3
11630,11640,11974,12016,42
11630,11640,12018,12025,7
11630,11640,12029,12034,5
11630,11640,12036,12125,89
11630,11640,12196,12200,4
11630,11640,12210,12214,4
11630,11640,12234,12237,3
11630,11640,12239,12243,4
11630,11640,12365,12366,1
11630,11640,15164,15167,3
11630,11640,15174,15176,2
11630,11640,15178,15366,188
11630,11640,15398,15424,26
11630,11640,15503,15519,16
11630,11640,15522,15523,1
11630,11640,15529,15533,4
11630,11640,22555,22558,3
11630,11640,22560,22561,1
11630,11640,23388,23394,6
11630,11640,23410,23414,4
11630,11640,23418,23421,3
11630,11640,23426,23437,11
11630,11640,23440,23442,2
11630,11640,23465,23469,4
11630,11640,23699,23726,27
11630,11640,23731,23734,3
11630,11640,23738,23788,50
11630,11640,23829,23830,1
11630,11640,23832,23833,1
11630,11640,23839,23843,4
11630,11640,23846,23862,16
11630,11640,23865,23874,9
11630,11640,23936,23938,2
11630,11640,23944,23948,4
11630,11640,23956,24000,44
11630,11640,24004,24021,17
11630,11640,24040,24049,9
11630,11640,24051,24078,27
11630,11640,24080,24089,9
11630,11640,24091,24241,150
11630,11640,25742,25823,81
11630,11640,25825,25911,86
11630,11640,26046,26049,3
11630,11640,26141,26142,1
11630,11640,26166,26184,18
11630,11640,26186,26188,2
11630,11640,26190,26213,23
11630,11640,26236,26237,1
11630,11640,26239,26271,32
11630,11640,26273,26277,4
11630,11640,26285,26287,2
11630,11640,26289,26291,2
11630,11640,26304,26305,1
11630,11640,26358,26359,1
11630,11640,26363,26379,16
11630,11640,26387,26393,6
11630,11640,26395,26398,3
11630,11640,26466,26474,8
11630,11640,26477,26509,32
11630,11640,26523,26527,4
11630,11640,26534,26535,1
11630,11640,26537,26542,5
11630,11640,26546,26547,1
11630,11640,26694,26716,22
11630,11640,26721,26722,1
11630,11640,26725,26740,15
11630,11640,26749,26751,2
11630,11640,26753,26831,78
11630,11640,26834,26835,1
11630,11640,26845,26849,4
11630,11640,26910,26922,12
11630,11640,26924,26925,1
11630,11640,26929,26934,5
11630,11640,27006,27007,1
11630,11640,27057,27061,4
11630,11640,27065,27066,1
11630,11640,27068,27069,1
11630,11640,27629,27641,12
11630,11640,27647,27682,35
11630,11640,27687,27688,1
11630,11640,27694,27695,1
11630,11640,27699,27700,1
11630,11640,27702,27759,57
11630,11640,27770,27780,10
11630,11640,27782,27784,2
11630,11640,27847,27878,31
11630,11640,27886,27889,3
11630,11640,27894,27898,4
11630,11640,27905,28017,112
11630,11640,28019,28020,1
11630,11640,28022,28032,10
11630,11640,28342,28345,3
11630,11640,28352,28357,5
11630,11640,28399,28403,4
11630,11640,28418,28488,70
11630,11640,28519,28528,9
11631,11632,215,218,3
11631,11632,226,227,1
11631,11632,230,231,1
11631,11632,573,576,3
11631,11632,606,725,119
11631,11632,736,739,3
11631,11632,860,923,63
11631,11632,960,966,6
11631,11632,969,980,11
11631,11632,1243,1302,59
11631,11632,1308,1311,3
11631,11632,2005,2007,2
11631,11632,2081,2088,7
11631,11632,2091,2101,10
11631,11632,2106,2113,7
11631,11632,2115,2126,11
11631,11632,2132,2164,32
11631,11632,2169,2170,1
11631,11632,2192,2198,6
11631,11632,2201,2229,28
11631,11632,2276,2279,3
11631,11632,2285,2331,46
11631,11632,2340,2341,1
11631,11632,2345,2356,11
11631,11632,2360,2411,51
11631,11632,2429,2431,2
11631,11632,5657,5665,8
11631,11632,9979,9983,4
11631,11632,12834,12835,1
11631,11632,13228,13230,2
11631,11632,13545,13565,20
11631,11632,13617,13624,7
11631,11632,13628,13633,5
11631,11632,13639,13676,37
11631,11632,20874,20900,26
11631,11632,20913,20919,6
11631,11632,20925,20929,4
11631,11632,20974,21000,26
11631,11632,21002,21004,2
11631,11632,21029,21031,2
11631,11632,21050,21083,33
11631,11632,21085,21090,5
11631,11632,21181,21197,16
11631,11632,21201,21203,2
11631,11632,23404,23417,13
11631,11632,23420,23423,3
11631,11632,23432,23610,178
11631,11632,23620,23627,7
11631,11632,27299,27311,12
11631,11632,27320,27321,1
11631,11632,27326,27332,6
11631,11632,27334,27338,4
11631,11632,27340,27341,1
11631,11633,2310,2329,19
11631,11633,2333,2334,1
11631,11633,2346,2359,13
11631,11633,2366,2370,4
11631,11633,2392,2413,21
11631,11633,2415,2416,1
11631,11633,2418,2420,2
11631,11633,2432,2502,70
11631,11633,2505,2578,73
11631,11633,2583,2643,60
11631,11633,2645,2668,23
11631,11633,2692,2693,1
11631,11633,2741,2745,4
11631,11633,3119,3139,20
11631,11633,5836,5838,2
11631,11633,5863,5889,26
11631,11633,5900,5942,42
11631,11633,5945,5991,46
11631,11633,6006,6012,6
11631,11633,6037,6062,25
11631,11633,6078,6126,48
11631,11633,6230,6244,14
11631,11633,6261,6263,2
11631,11633,6275,6301,26
11631,11633,6569,6570,1
11631,11633,9982,10009,27
11631,11633,10019,10039,20
11631,11633,10178,10189,11
11631,11633,10228,10234,6
11631,11633,10240,10243,3
11631,11633,12332,12336,4
11631,11633,12341,12514,173
11631,11633,12537,12648,111
11631,11633,12657,12663,6
11631,11633,12665,12667,2
11631,11633,12670,12679,9
11631,11633,12684,12689,5
11631,11633,12699,12703,4
11631,11633,12706,12707,1
11631,11633,12709,12727,18
11631,11633,12729,12731,2
11631,11633,12733,12756,23
11631,11633,12833,12841,8
11631,11633,12844,12849,5
11631,11633,12891,12894,3
11631,11633,12898,12905,7
11631,11633,15029,15057,28
11631,11633,15059,15078,19
11631,11633,15126,15131,5
11631,11633,16445,16446,1
11631,11633,16449,16455,6
11631,11633,16493,16495,2
11631,11633,16497,16525,28
11631,11633,16531,16613,82
11631,11633,16634,16636,2
11631,11633,16639,16736,97
11631,11633,18966,19008,42
11631,11633,19010,19013,3
11631,11633,19015,19130,115
11631,11633,19134,19147,13
11631,11633,19149,19150,1
11631,11633,20830,20832,2
11631,11633,20947,21021,74
11631,11633,21080,21082,2
11631,11633,21085,21090,5
11631,11633,21157,21203,46
11631,11633,21208,21211,3
11631,11633,23455,23457,2
11631,11633,23478,23479,1
11631,11633,23500,23501,1
11631,11633,23508,23562,54
11631,11633,23577,23718,141
11631,11633,23946,23947,1
11631,11633,23952,23953,1
11631,11633,26881,26904,23
11631,11633,26932,26948,16
11631,11633,26950,26953,3
11631,11633,26967,26976,9
11631,11633,26978,27012,34
11631,11633,27043,27045,2
11631,11633,27053,27064,11
11631,11633,27067,27072,5
11631,11633,27121,27124,3
11631,11633,27129,27132,3
11631,11633,27147,27148,1
11631,11633,27156,27180,24
11631,11633,27194,27199,5
11631,11634,13242,13251,9
11631,11634,13253,13254,1
11631,11634,13328,13329,1
11631,11634,13332,13336,4
11631,11634,13340,13341,1
11631,11634,13345,13386,41
11631,11634,13402,13410,8
11631,11634,13412,13416,4
11631,11634,13418,13428,10
11631,11634,13430,13502,72
11631,11634,13504,13507,3
11631,11634,13760,13861,101
11631,11634,13954,13960,6
11631,11634,13969,14016,47
11631,11634,14019,14170,151
11631,11634,14172,14175,3
11631,11634,14382,14389,7
11631,11634,14394,14407,13
11631,11634,14410,14412,2
11631,11634,14534,14555,21
11631,11634,14613,14620,7
11631,11634,14707,14716,9
11631,11634,14729,14749,20
11631,11634,14760,14767,7
11631,11634,14789,14861,72
11631,11634,14864,14867,3
11631,11634,14946,14948,2
11631,11634,16030,16093,63
11631,11634,16117,16122,5
11631,11634,16124,16135,11
11631,11634,16309,16349,40
11631,11634,16381,16426,45
11631,11634,16428,16430,2
11631,11634,16432,16438,6
11631,11634,18209,18210,1
11631,11634,18218,18227,9
11631,11634,20924,20930,6
11631,11634,20936,20937,1
11631,11634,20939,20952,13
11631,11634,20960,20961,1
11631,11634,20964,20965,1
11631,11635,10516,10522,6
11631,11635,10664,10667,3
11631,11635,10670,10675,5
11631,11635,10678,10685,7
11631,11635,10699,10706,7
11631,11635,10729,10746,17
11631,11635,10749,10767,18
11631,11635,11864,12036,172
11631,11635,12089,12090,1
11631,11635,12121,12156,35
11631,11635,12159,12177,18
11631,11635,12226,12253,27
11631,11635,12255,12277,22
11631,11635,12279,12281,2
11631,11635,12285,12302,17
11631,11635,12309,12363,54
11631,11635,12365,12370,5
11631,11635,12381,12384,3
11631,11635,12931,12934,3
11631,11635,12941,12951,10
11631,11635,12965,12969,4
11631,11635,12973,12974,1
11631,11635,15918,15922,4
11631,11635,21185,21186,1
11631,11635,23398,23402,4
11631,11635,23404,23464,60
11631,11635,23472,23473,1
11631,11635,23479,23480,1
11631,11635,23493,23507,14
11631,11635,23509,23510,1
11631,11635,23512,23528,16
11631,11635,23536,23539,3
11631,11635,23543,23556,13
11631,11635,23558,23568,10
11631,11635,23570,23580,10
11631,11635,23625,23629,4
11631,11635,23632,23652,20
11631,11635,23681,23705,24
11631,11635,23707,23722,15
11631,11635,23768,23810,42
11631,11635,23812,23813,1
11631,11635,24431,24444,13
11631,11635,24446,24447,1
11631,11635,24453,24477,24
11631,11635,27279,27308,29
11631,11635,27327,27332,5
11631,11635,27334,27337,3
11631,11635,27967,27971,4
11631,11635,27977,28062,85
11631,11635,28064,28068,4
11631,11635,28719,28721,2
11631,11636,8688,8705,17
11631,11636,8945,8950,5
11631,11636,12969,12986,17
11631,11636,13020,13189,169
11631,11636,13197,13227,30
11631,11636,13231,13251,20
11631,11636,13271,13273,2
11631,11636,13288,13316,28
11631,11636,13496,13507,11
11631,11636,14296,14306,10
11631,11636,14322,14323,1
11631,11636,15305,15372,67
11631,11636,15385,15390,5
11631,11636,15393,15493,100
11631,11636,15501,15502,1
11631,11636,15504,15515,11
11631,11636,15780,15789,9
11631,11636,15828,15847,19
11631,11636,15856,15865,9
11631,11636,15951,15958,7
11631,11636,15970,15971,1
11631,11636,15990,15993,3
11631,11636,20869,20932,63
11631,11636,20936,20937,1
11631,11636,20941,21068,127
11631,11636,21070,21071,1
11631,11636,21092,21115,23
11631,11636,21169,21170,1
11631,11636,21192,21320,128
11631,11636,21356,21365,9
11631,11636,21367,21397,30
11631,11636,21399,21401,2
11631,11636,21924,21925,1
11631,11636,21927,21930,3
11631,11637,196,201,5
11631,11637,206,248,42
11631,11637,614,675,61
11631,11637,736,749,13
11631,11637,10308,10311,3
11631,11637,11535,11539,4
11631,11637,11592,11596,4
11631,11637,11616,11622,6
11631,11637,11846,11882,36
11631,11637,12564,12710,146
11631,11637,12754,12756,2
11631,11637,12759,12761,2
11631,11637,12772,12778,6
11631,11637,12780,12785,5
11631,11637,12788,12792,4
11631,11637,12852,12994,142
11631,11637,12999,13000,1
11631,11637,13014,13016,2
11631,11637,13518,13521,3
11631,11637,13524,13525,1
11631,11637,13533,13538,5
11631,11637,13565,13581,16
11631,11637,13586,13587,1
11631,11637,13596,13597,1
11631,11637,13612,13613,1
11631,11637,13623,13640,17
11631,11637,13643,13644,1
11631,11637,13648,13681,33
11631,11637,13687,13694,7
11631,11637,13697,13710,13
11631,11637,13712,13713,1
11631,11637,13728,13731,3
11631,11637,17442,17443,1
11631,11637,17450,17454,4
11631,11637,17490,17492,2
11631,11637,17513,17526,13
11631,11637,17791,17897,106
11631,11637,17899,18035,136
11631,11637,18433,18438,5
11631,11637,18441,18564,123
11631,11637,18584,18600,16
11631,11637,18604,18611,7
11631,11637,18613,18640,27
11631,11637,18647,18651,4
11631,11637,18663,18667,4
11631,11637,18901,18904,3
11631,11637,18918,18923,5
11631,11637,18925,18928,3
11631,11637,18981,19102,121
11631,11637,19105,19107,2
11631,11637,19116,19117,1
11631,11637,19128,19274,146
11631,11637,19276,19311,35
11631,11637,19329,19334,5
11631,11637,19336,19369,33
11631,11637,19399,19400,1
11631,11637,19496,19574,78
11631,11637,19953,19956,3
11631,11637,19958,20010,52
11631,11637,20012,20058,46
11631,11637,20068,20071,3
11631,11637,20073,20084,11
11631,11637,20086,20087,1
11631,11637,20094,20159,65
11631,11637,20162,20170,8
11631,11637,20178,20183,5
11631,11637,20191,20271,80
11631,11637,20274,20278,4
11631,11637,20282,20283,1
11631,11637,20293,20322,29
11631,11637,20326,20327,1
11631,11637,20349,20351,2
11631,11637,20355,20356,1
11631,11638,13974,14013,39
11631,11638,15029,15035,6
11631,11638,15088,15115,27
11631,11638,15117,15119,2
11631,11638,15815,15886,71
11631,11638,15932,15933,1
11631,11638,15936,15938,2
11631,11638,15940,15944,4
11631,11638,15946,16038,92
11631,11638,16044,16052,8
11631,11638,16056,16058,2
11631,11638,16062,16070,8
11631,11638,16072,16076,4
11631,11638,16078,16082,4
11631,11638,16084,16121,37
11631,11638,16297,16299,2
11631,11638,16304,16305,1
11631,11638,16307,16312,5
11631,11638,16322,16323,1
11631,11638,16325,16326,1
11631,11638,20665,20666,1
11631,11638,20670,20756,86
11631,11638,20764,20774,10
11631,11638,20776,20778,2
11631,11638,20801,20817,16
11631,11638,21484,21485,1
11631,11638,21659,21682,23
11631,11638,21787,21789,2
11631,11638,21791,21848,57
11631,11638,21856,21857,1
11631,11638,21862,21887,25
11631,11638,21889,21989,100
11631,11638,21991,22017,26
11631,11638,22022,22025,3
11631,11638,22085,22088,3
11631,11638,22090,22095,5
11631,11638,22533,22603,70
11631,11638,22887,22896,9
11631,11639,0,42,42
11631,11639,48,56,8
11631,11639,59,60,1
11631,11639,195,246,51
11631,11639,571,574,3
11631,11639,576,582,6
11631,11639,584,592,8
11631,11639,602,745,143
11631,11639,845,849,4
11631,11639,3272,3300,28
11631,11639,3302,3316,14
11631,11639,3319,3324,5
11631,11639,3350,3352,2
11631,11639,3367,3369,2
11631,11639,3458,3499,41
11631,11639,3530,3531,1
11631,11639,13020,13024,4
11631,11639,13027,13028,1
11631,11639,13031,13034,3
11631,11639,13044,13050,6
11631,11639,13104,13125,21
11631,11639,13132,13133,1
11631,11639,13135,13136,1
11631,11639,13138,13161,23
11631,11639,13174,13235,61
11631,11639,13583,13593,10
11631,11639,13596,13599,3
11631,11639,13624,13647,23
11631,11639,13669,13671,2
11631,11639,13673,13783,110
11631,11639,17490,17495,5
11631,11639,17537,17539,2
11631,11639,17543,17544,1
11631,11639,17549,17551,2
11631,11639,17554,17556,2
11631,11639,17558,17569,11
11631,11639,17801,17811,10
11631,11639,17814,17882,68
11631,11639,17885,17886,1
11631,11639,18666,18667,1
11631,11639,18671,18674,3
11631,11639,18682,18703,21
11631,11639,18706,18707,1
11631,11639,18717,18721,4
11631,11639,18803,18830,27
11631,11639,18840,18844,4
11631,11639,18897,18898,1
11631,11639,18900,18934,34
11631,11639,18936,18939,3
11631,11639,18942,18957,15
11631,11639,19019,19021,2
11631,11639,19077,19079,2
11631,11639,19081,19088,7
11631,11639,19095,19097,2
11631,11639,19099,19106,7
11631,11639,19108,19110,2
11631,11639,19118,19150,32
11631,11639,20676,20678,2
11631,11639,20682,20702,20
11631,11639,20779,20788,9
11631,11639,20790,20874,84
11631,11639,20971,20977,6
11631,11639,20979,20984,5
11631,11639,20986,21005,19
11631,11639,21024,21084,60
11631,11639,21096,21129,33
11631,11639,21131,21140,9
11631,11639,21153,21156,3
11631,11639,21168,21173,5
11631,11639,21196,21201,5
11631,11639,21204,21244,40
11631,11639,21252,21257,5
11631,11639,21271,21272,1
11631,11639,21274,21275,1
11631,11639,21277,21295,18
11631,11639,21298,21300,2
11631,11639,21302,21328,26
11631,11639,21358,21360,2
11631,11639,21369,21381,12
11631,11639,21386,21404,18
11631,11639,21850,21852,2
11631,11639,21940,21945,5
11631,11639,21958,21960,2
11631,11639,21964,21967,3
11631,11639,21969,22032,63
11631,11639,22075,22098,23
11631,11639,27005,27057,52
11631,11639,27065,27067,2
11631,11639,27083,27084,1
11631,11639,27090,27096,6
11631,11639,27100,27112,12
11631,11639,27116,27126,10
11631,11639,27134,27136,2
11631,11639,27401,27404,3
11631,11639,27406,27411,5
11631,11639,27453,27457,4
11631,11639,27660,27669,9
11631,11640,5342,5346,4
11631,11640,5348,5350,2
11631,11640,5354,5361,7
11631,11640,5364,5366,2
11631,11640,5379,5380,1
11631,11640,5400,5410,10
11631,11640,5427,5428,1
11631,11640,5430,5435,5
11631,11640,5437,5438,1
11631,11640,5441,5449,8
11631,11640,5455,5457,2
11631,11640,5485,5500,15
11631,11640,5508,5510,2
11631,11640,5578,5608,30
11631,11640,5620,5627,7
11631,11640,5629,5632,3
11631,11640,5647,5651,4
11631,11640,5845,5847,2
11631,11640,5853,5862,9
11631,11640,5972,5983,11
11631,11640,5997,6015,18
11631,11640,6017,6157,140
11631,11640,6159,6163,4
11631,11640,8418,8427,9
11631,11640,8436,8443,7
11631,11640,8486,8488,2
11631,11640,8555,8621,66
11631,11640,8623,8624,1
11631,11640,8628,8716,88
11631,11640,8721,8738,17
11631,11640,8742,8754,12
11631,11640,8758,8782,24
11631,11640,8845,8868,23
11631,11640,8878,8927,49
11631,11640,8988,9006,18
11631,11640,9008,9011,3
11631,11640,9033,9035,2
11631,11640,9054,9154,100
11631,11640,9512,9514,2
11631,11640,10443,10446,3
11631,11640,13080,13083,3
11631,11640,13124,13128,4
11631,11640,13133,13141,8
11631,11640,13144,13151,7
11631,11640,13884,13894,10
11632,11633,1561,1597,36
11632,11633,1629,1729,100
11632,11633,1733,1743,10
11632,11633,1915,1916,1
11632,11633,1931,1954,23
11632,11633,2314,2321,7
11632,11633,2342,2351,9
11632,11633,3967,3968,1
11632,11633,3972,3992,20
11632,11633,3994,4023,29
11632,11633,4166,4176,10
11632,11633,4178,4181,3
11632,11633,4187,4280,93
11632,11633,4282,4283,1
11632,11633,5169,5214,45
11632,11633,5217,5224,7
11632,11633,5675,5692,17
11632,11633,5696,5702,6
11632,11633,8219,8222,3
11632,11633,8241,8278,37
11632,11633,8296,8341,45
11632,11633,9210,9320,110
11632,11633,9330,9333,3
11632,11633,9349,9393,44
11632,11633,9399,9402,3
11632,11633,9404,9436,32
11632,11633,9439,9441,2
11632,11633,9511,9512,1
11632,11633,9563,9581,18
11632,11633,9586,9587,1
11632,11633,9590,9624,34
11632,11633,9660,9669,9
11632,11633,9843,9904,61
11632,11633,9906,9924,18
11632,11633,10041,10042,1
11632,11633,10045,10059,14
11632,11633,10783,10801,18
11632,11633,10803,10832,29
11632,11633,10851,10887,36
11632,11633,10889,10890,1
11632,11633,10922,10967,45
11632,11633,10969,10971,2
11632,11633,10976,11014,38
11632,11633,11017,11023,6
11632,11633,11030,11032,2
11632,11633,11056,11084,28
11632,11633,11086,11087,1
11632,11633,13378,13384,6
11632,11633,13390,13402,12
11632,11633,13430,13433,3
11632,11633,13439,13443,4
11632,11633,13845,13850,5
11632,11633,13855,13859,4
11632,11633,13864,13872,8
11632,11633,13877,13895,18
11632,11633,13898,13900,2
11632,11633,14483,14484,1
11632,11633,14488,14489,1
11632,11633,14493,14500,7
11632,11633,14532,14557,25
11632,11633,14582,14597,15
11632,11633,14600,14607,7
11632,11633,15545,15546,1
11632,11633,15548,15587,39
11632,11633,19463,19473,10
11632,11633,19493,19494,1
11632,11633,20991,20994,3
11632,11633,21053,21161,108
11632,11633,21166,21170,4
11632,11633,21172,21180,8
11632,11633,21182,21209,27
11632,11633,21216,21355,139
11632,11633,21400,21401,1
11632,11633,21403,21404,1
11632,11633,21564,21567,3
11632,11633,21569,21660,91
11632,11633,21667,21683,16
11632,11633,21688,21701,13
11632,11633,21879,21889,10
11632,11633,21935,21939,4
11632,11633,22235,22432,197
11632,11633,22451,22455,4
11632,11633,22520,22524,4
11632,11633,22718,22719,1
11632,11633,22721,22729,8
11632,11633,22731,22883,152
11632,11633,22887,22892,5
11632,11633,22908,22914,6
11632,11633,22919,22981,62
11632,11633,22986,22987,1
11632,11633,22996,23044,48
11632,11633,23070,23071,1
11632,11633,23074,23115,41
11632,11633,23119,23125,6
11632,11633,23128,23235,107
11632,11633,23246,23404,158
11632,11633,23409,23410,1
11632,11633,23413,23419,6
11632,11633,23424,23447,23
11632,11633,23450,23453,3
11632,11633,23455,23460,5
11632,11633,23463,23469,6
11632,11633,23472,23474,2
11632,11633,23533,23536,3
11632,11633,23538,23546,8
11632,11633,23549,23551,2
11632,11633,23559,23593,34
11632,11633,23599,23601,2
11632,11633,23604,23605,1
11632,11633,23608,23609,1
11632,11633,23622,23636,14
11632,11633,23705,23734,29
11632,11633,23739,23740,1
11632,11633,23747,23776,29
11632,11633,23784,23789,5
11632,11634,5664,5673,9
11632,11634,5675,5726,51
11632,11634,8419,8423,4
11632,11634,13169,13170,1
11632,11634,13273,13293,20
11632,11634,19526,19536,10
11632,11634,19540,19541,1
11632,11634,19552,19553,1
11632,11634,19555,19615,60
11632,11634,19628,19763,135
11632,11634,19767,19769,2
11632,11634,19772,19775,3
11632,11634,20616,20622,6
11632,11634,20628,20631,3
11632,11634,20633,20660,27
11632,11634,20664,20665,1
11632,11634,20711,20725,14
11632,11634,20728,20737,9
11632,11634,20931,20932,1
11632,11634,21067,21181,114
11632,11634,22036,22037,1
11632,11634,22080,22102,22
11632,11634,22120,22142,22
11632,11635,544,545,1
11632,11635,4592,4594,2
11632,11635,4599,5002,403
11632,11635,7118,7119,1
11632,11635,7140,7145,5
11632,11635,7147,7235,88
11632,11635,7237,7253,16
11632,11635,7255,7320,65
11632,11635,7464,7471,7
11632,11635,7474,7476,2
11632,11635,7487,7491,4
11632,11635,7497,7498,1
11632,11635,7500,7504,4
11632,11635,7546,7615,69
11632,11635,7647,7652,5
11632,11635,19969,20060,91
11632,11635,20063,20064,1
11632,11635,20179,20185,6
11632,11635,20189,20196,7
11632,11635,20201,20287,86
11632,11635,20323,20331,8
11632,11635,20333,20359,26
11632,11635,20362,20367,5
11632,11635,20377,20383,6
11632,11635,20385,20386,1
11632,11635,20388,20398,10
11632,11635,20507,20508,1
11632,11635,20531,20536,5
11632,11635,20897,20913,16
11632,11635,20933,20939,6
11632,11635,21185,21186,1
11632,11635,21190,21193,3
11632,11635,21224,21297,73
11632,11635,21302,21356,54
11632,11635,22382,22384,2
11632,11635,22386,22398,12
11632,11635,22415,22416,1
11632,11635,22425,22431,6
11632,11635,22451,22455,4
11632,11635,22477,22504,27
11632,11635,22772,22778,6
11632,11635,22789,22790,1
11632,11635,22898,22899,1
11632,11635,22902,22903,1
11632,11635,22905,22911,6
11632,11635,22922,22987,65
11632,11635,22989,22999,10
11632,11635,23060,23063,3
11632,11635,23127,23180,53
11632,11635,23203,23215,12
11632,11635,23218,23222,4
11632,11635,23297,23324,27
11632,11635,23331,23332,1
11632,11635,23334,23337,3
11632,11635,23339,23343,4
11632,11635,23377,23465,88
11632,11635,23467,23470,3
11632,11635,23541,23542,1
11632,11635,23544,23547,3
11632,11635,23549,23551,2
11632,11635,23558,23562,4
11632,11635,23564,23566,2
11632,11635,23571,23580,9
11632,11635,23702,23760,58
11632,11635,23763,23769,6
11632,11635,23771,23772,1
11632,11635,23776,23782,6
11632,11635,27289,27290,1
11632,11635,27293,27299,6
11632,11635,27306,27311,5
11632,11635,27316,27317,1
11632,11636,3917,3944,27
11632,11636,3946,3947,1
11632,11636,3949,3995,46
11632,11636,4011,4186,175
11632,11636,5767,5769,2
11632,11636,5771,5773,2
11632,11636,5812,5871,59
11632,11636,5873,5874,1
11632,11636,5939,5940,1
11632,11636,20603,20618,15
11632,11636,20620,20624,4
11632,11636,20629,20630,1
11632,11636,20633,20705,72
11632,11636,20707,20718,11
11632,11636,20722,20723,1
11632,11636,20725,20728,3
11632,11636,20732,20739,7
11632,11636,20748,20755,7
11632,11636,20893,20897,4
11632,11636,20914,20915,1
11632,11636,20919,20952,33
11632,11636,20978,20979,1
11632,11636,20993,20994,1
11632,11636,21002,21004,2
11632,11636,21520,21532,12
11632,11637,16,74,58
11632,11637,88,97,9
11632,11637,148,159,11
11632,11637,179,188,9
11632,11637,190,258,68
11632,11637,328,330,2
11632,11637,372,376,4
11632,11637,623,624,1
11632,11637,628,642,14
11632,11637,645,662,17
11632,11637,691,693,2
11632,11637,695,698,3
11632,11637,704,729,25
11632,11637,733,742,9
11632,11637,745,757,12
11632,11637,759,806,47
11632,11637,809,819,10
11632,11637,821,822,1
11632,11637,824,833,9
11632,11637,1321,1331,10
11632,11637,1333,1344,11
11632,11637,1351,1352,1
11632,11637,3921,3922,1
11632,11637,3925,3926,1
11632,11637,5952,5981,29
11632,11637,5988,5989,1
11632,11637,5999,6009,10
11632,11637,6024,6027,3
11632,11637,6033,6036,3
11632,11637,6044,6048,4
11632,11637,6237,6246,9
11632,11637,6260,6262,2
11632,11637,6264,6269,5
11632,11637,6278,6283,5
11632,11637,6285,6290,5
11632,11637,6298,6314,16
11632,11637,6320,6321,1
11632,11637,6421,6470,49
11632,11637,13300,13443,143
11632,11637,13464,13469,5
11632,11637,13485,13539,54
11632,11637,13541,13550,9
11632,11637,13570,13571,1
11632,11637,13588,13589,1
11632,11637,13594,13610,16
11632,11637,13620,13692,72
11632,11637,13694,13695,1
11632,11637,13697,13708,11
11632,11637,13715,13737,22
11632,11637,13769,13921,152
11632,11637,13933,13960,27
11632,11637,13968,13970,2
11632,11637,13974,14067,93
11632,11637,14069,14070,1
11632,11637,14072,14134,62
11632,11637,14139,14161,22
11632,11637,14171,14188,17
11632,11637,14207,14209,2
11632,11637,14456,14457,1
11632,11637,14461,14464,3
11632,11637,14466,14548,82
11632,11637,14574,14584,10
11632,11637,14593,14609,16
11632,11637,14619,14620,1
11632,11637,14622,14623,1
11632,11637,14627,14652,25
11632,11637,14661,14678,17
11632,11637,14698,14835,137
11632,11637,16134,16135,1
11632,11637,16189,16190,1
11632,11637,16489,16490,1
11632,11637,16496,16498,2
11632,11637,16502,16525,23
11632,11637,16532,16535,3
11632,11637,16542,16586,44
11632,11637,16590,16591,1
11632,11637,16610,16612,2
11632,11637,16634,16635,1
11632,11637,16640,16642,2
11632,11637,16656,16657,1
11632,11637,16687,16740,53
11632,11637,16749,16780,31
11632,11637,16783,16790,7
11632,11637,16794,16795,1
11632,11637,16797,16804,7
11632,11637,16811,16815,4
11632,11637,16824,16844,20
11632,11637,16848,16850,2
11632,11637,16855,16861,6
11632,11637,16863,16864,1
11632,11637,16882,16888,6
11632,11637,17528,17575,47
11632,11637,17623,17629,6
11632,11637,17652,17751,99
11632,11637,25766,25767,1
11632,11637,26431,26439,8
11632,11637,26848,26851,3
11632,11637,26853,26863,10
11632,11637,26881,26882,1
11632,11637,26890,26910,20
11632,11637,26912,26934,22
11632,11637,26939,27092,153
11632,11637,28008,28123,115
11632,11637,28125,28131,6
11632,11637,28688,28702,14
11632,11638,4283,4413,130
11632,11638,4427,4429,2
11632,11638,4445,4462,17
11632,11638,4477,4501,24
11632,11638,6193,6197,4
11632,11638,6200,6206,6
11632,11638,6219,6228,9
11632,11639,214,224,10
11632,11639,226,237,11
11632,11639,369,376,7
11632,11639,617,718,101
11632,11639,829,844,15
11632,11639,922,1043,121
11632,11639,1045,1052,7
11632,11639,1058,1074,16
11632,11639,1343,1344,1
11632,11639,1355,1359,4
11632,11639,1521,1522,1
11632,11639,1524,1538,14
11632,11639,1541,1543,2
11632,11639,1547,1556,9
11632,11639,1560,1630,70
11632,11639,1633,1652,19
11632,11639,1655,1656,1
11632,11639,1659,1696,37
11632,11639,1699,1760,61
11632,11639,1762,1815,53
11632,11639,1833,1843,10
11632,11639,1883,1892,9
11632,11639,2388,2398,10
11632,11639,2416,2419,3
11632,11639,2423,2425,2
11632,11639,2430,2501,71
11632,11639,2506,2513,7
11632,11639,2682,2688,6
11632,11639,2715,2759,44
11632,11639,2762,2779,17
11632,11639,2783,2784,1
11632,11639,2812,2854,42
11632,11639,2856,2862,6
11632,11639,3817,3819,2
11632,11639,3831,3837,6
11632,11639,3839,3845,6
11632,11639,3849,3855,6
11632,11639,3860,3863,3
11632,11639,3883,3885,2
11632,11639,4894,4942,48
11632,11639,12956,12957,1
11632,11639,13070,13073,3
11632,11639,13079,13095,16
11632,11639,13818,13888,70
11632,11639,13947,13948,1
11632,11639,13999,14005,6
11632,11639,14043,14044,1
11632,11639,14940,14942,2
11632,11639,14985,14987,2
11632,11639,15019,15026,7
11632,11639,15029,15034,5
11632,11639,15113,15129,16
11632,11639,15135,15138,3
11632,11639,15146,15147,1
11632,11639,15159,15238,79
11632,11639,15240,15287,47
11632,11639,15289,15303,14
11632,11639,15320,15322,2
11632,11639,15364,15368,4
11632,11639,15410,15413,3
11632,11639,15427,15433,6
11632,11639,15435,15438,3
11632,11639,16808,16814,6
11632,11639,16816,16905,89
11632,11639,16967,16977,10
11632,11639,16982,16984,2
11632,11639,17044,17049,5
11632,11639,17051,17056,5
11632,11639,17214,17218,4
11632,11639,17575,17657,82
11632,11639,17677,17678,1
11632,11639,17695,17696,1
11632,11639,17945,17949,4
11632,11639,17954,17955,1
11632,11639,17962,17963,1
11632,11639,17972,17991,19
11632,11639,17993,17997,4
11632,11639,18046,18048,2
11632,11639,18073,18078,5
11632,11639,18085,18125,40
11632,11639,18134,18137,3
11632,11639,18279,18316,37
11632,11639,20940,20942,2
11632,11639,20968,20970,2
11632,11639,20972,21007,35
11632,11639,21011,21012,1
11632,11639,21251,21252,1
11632,11639,21570,21571,1
11632,11639,21577,21588,11
11632,11639,21594,21639,45
11632,11639,21646,21651,5
11632,11639,21660,21665,5
11632,11640,318,325,7
11632,11640,338,339,1
11632,11640,354,366,12
11632,11640,482,484,2
11632,11640,487,488,1
11632,11640,14504,14506,2
11632,11640,14557,14563,6
11632,11640,14606,14610,4
11632,11640,14681,14717,36
11632,11640,14727,14799,72
11632,11640,14807,14810,3
11632,11640,14814,14873,59
11632,11640,14880,14881,1
11632,11640,14883,14915,32
11632,11640,14921,15092,171
11632,11640,17127,17141,14
11632,11640,17159,17162,3
11632,11640,17164,17193,29
11632,11640,17199,17200,1
11632,11640,17206,17241,35
11632,11640,17251,17252,1
11632,11640,17255,17256,1
11632,11640,17322,17366,44
11632,11640,17373,17418,45
11632,11640,17435,17448,13
11632,11640,18685,18686,1
11632,11640,18719,18739,20
11632,11640,18764,18822,58
11632,11640,19918,19928,10
11632,11640,19930,19942,12
11632,11640,20147,20149,2
11632,11640,20155,20156,1
11632,11640,20159,20160,1
11632,11640,20164,20171,7
11632,11640,22020,22034,14
11632,11640,22036,22101,65
11632,11640,22104,22106,2
11632,11640,22124,22128,4
11632,11640,22137,22203,66
11633,11634,19,58,39
11633,11634,60,77,17
11633,11634,126,128,2
11633,11634,130,132,2
11633,11634,136,137,1
11633,11634,141,143,2
11633,11634,147,170,23
11633,11634,202,203,1
11633,11634,209,213,4
11633,11634,228,239,11
11633,11634,319,320,1
11633,11634,387,388,1
11633,11634,390,391,1
11633,11634,400,402,2
11633,11634,5270,5300,30
11633,11634,5304,5356,52
11633,11634,5554,5558,4
11633,11634,5566,5659,93
11633,11634,5664,5775,111
11633,11634,5782,5785,3
11633,11634,5788,5793,5
11633,11634,5797,5801,4
11633,11634,9683,9728,45
11633,11634,9752,9756,4
11633,11634,15756,15757,1
11633,11634,15765,15766,1
11633,11634,15772,15778,6
11633,11634,15784,15789,5
11633,11634,15794,15797,3
11633,11634,15799,15801,2
11633,11634,15804,15819,15
11633,11634,15828,15846,18
11633,11634,15848,15871,23
11633,11634,15873,15877,4
11633,11634,15891,15892,1
11633,11634,15894,15896,2
11633,11634,15898,15900,2
11633,11634,15903,15906,3
11633,11634,15916,15922,6
11633,11634,15924,15929,5
11633,11634,17516,17517,1
11633,11634,17710,17727,17
11633,11634,17729,17734,5
11633,11634,17761,17762,1
11633,11634,17764,17767,3
11633,11634,17771,17776,5
11633,11634,17778,17782,4
11633,11634,17784,17785,1
11633,11634,17790,17791,1
11633,11634,17801,17802,1
11633,11634,17808,17809,1
11633,11634,17812,17817,5
11633,11634,18275,18280,5
11633,11634,18342,18353,11
11633,11634,18367,18373,6
11633,11634,19315,19316,1
11633,11634,19328,19342,14
11633,11634,19363,19402,39
11633,11634,19407,19421,14
11633,11634,19423,19432,9
11633,11634,19438,19449,11
11633,11634,19452,19460,8
11633,11634,19471,19491,20
11633,11634,19506,19510,4
11633,11634,19532,19539,7
11633,11634,19549,19565,16
11633,11634,19569,19574,5
11633,11634,19576,19577,1
11633,11634,19696,19697,1
11633,11634,19788,19804,16
11633,11634,19814,19822,8
11633,11634,19827,19924,97
11633,11634,19987,20003,16
11633,11634,21014,21147,133
11633,11634,21153,21154,1
11633,11634,23811,23824,13
11633,11634,23828,23831,3
11633,11634,23833,23841,8
11633,11634,23917,23941,24
11633,11634,23972,23979,7
11633,11634,23983,23985,2
11633,11634,23987,23994,7
11633,11634,24001,24004,3
11633,11634,24016,24020,4
11633,11634,24024,24025,1
11633,11634,24060,24063,3
11633,11634,24101,24105,4
11633,11634,24107,24129,22
11633,11634,24228,24236,8
11633,11634,24306,24309,3
11633,11634,24311,24314,3
11633,11634,24320,24332,12
11633,11634,24491,24492,1
11633,11634,24495,24525,30
11633,11634,24621,24623,2
11633,11634,24637,24670,33
11633,11634,24687,24688,1
11633,11634,24690,24691,1
11633,11634,24696,24699,3
11633,11634,24702,24902,200
11633,11634,24941,24967,26
11633,11634,27958,27985,27
11633,11634,27988,27990,2
11633,11634,28087,28191,104
11633,11634,28193,28194,1
11633,11634,28649,28651,2
11633,11635,1804,1812,8
11633,11635,1814,1835,21
11633,11635,2090,2093,3
11633,11635,2101,2105,4
11633,11635,2109,2118,9
11633,11635,4450,4473,23
11633,11635,4562,4563,1
11633,11635,5281,5282,1
11633,11635,5294,5295,1
11633,11635,5370,5371,1
11633,11635,5377,5380,3
11633,11635,7270,7290,20
11633,11635,7448,7450,2
11633,11635,7769,7770,1
11633,11635,7772,7788,16
11633,11635,7792,7794,2
11633,11635,7862,7869,7
11633,11635,7886,7899,13
11633,11635,9868,9877,9
11633,11635,9922,9954,32
11633,11635,9962,9965,3
11633,11635,12223,12224,1
11633,11635,12260,12261,1
11633,11635,12264,12319,55
11633,11635,12325,12336,11
11633,11635,12607,12608,1
11633,11635,12681,12682,1
11633,11635,12784,12787,3
11633,11635,12970,12977,7
11633,11635,13566,13570,4
11633,11635,13573,13578,5
11633,11635,21158,21196,38
11633,11635,21215,21217,2
11633,11635,21222,21228,6
11633,11635,21236,21288,52
11633,11635,21290,21307,17
11633,11635,21314,21334,20
11633,11635,22388,22521,133
11633,11635,22523,22526,3
11633,11635,22545,22556,11
11633,11635,22558,22562,4
11633,11635,22564,22619,55
11633,11635,22627,22659,32
11633,11635,22670,22702,32
11633,11635,22706,22708,2
11633,11635,22728,22733,5
11633,11635,22935,22942,7
11633,11635,22944,22987,43
11633,11635,22989,22992,3
11633,11635,23108,23161,53
11633,11635,23308,23343,35
11633,11635,23512,23516,4
11633,11635,23525,23552,27
11633,11635,23558,23566,8
11633,11635,23572,23591,19
11633,11635,23625,23681,56
11633,11635,23685,23686,1
11633,11635,23689,23754,65
11633,11635,23758,23760,2
11633,11635,25313,25322,9
11633,11635,25324,25334,10
11633,11635,25336,25364,28
11633,11635,25396,25442,46
11633,11635,25447,25450,3
11633,11635,25469,25499,30
11633,11635,25589,25628,39
11633,11635,25632,25636,4
11633,11635,25645,25649,4
11633,11635,25656,25661,5
11633,11635,25664,25669,5
11633,11635,25870,25875,5
11633,11636,816,824,8
11633,11636,826,829,3
11633,11636,853,854,1
11633,11636,876,880,4
11633,11636,882,883,1
11633,11636,885,992,107
11633,11636,994,995,1
11633,11636,997,1011,14
11633,11636,1022,1112,90
11633,11636,1114,1125,11
11633,11636,1129,1134,5
11633,11636,1137,1141,4
11633,11636,1143,1147,4
11633,11636,1150,1151,1
11633,11636,1155,1170,15
11633,11636,1190,1193,3
11633,11636,1202,1208,6
11633,11636,6715,6748,33
11633,11636,6756,6854,98
11633,11636,6862,6869,7
11633,11636,6879,6891,12
11633,11636,6893,6909,16
11633,11636,6911,6945,34
11633,11636,13798,13805,7
11633,11636,13807,13833,26
11633,11636,16987,17084,97
11633,11636,17086,17094,8
11633,11636,17097,17098,1
11633,11636,17291,17319,28
11633,11636,17326,17335,9
11633,11636,19689,19691,2
11633,11636,19694,19734,40
11633,11636,20955,20956,1
11633,11636,20958,21017,59
11633,11636,21207,21208,1
11633,11636,21229,21232,3
11633,11636,21234,21235,1
11633,11636,24316,24319,3
11633,11636,24405,24407,2
11633,11636,24412,24414,2
11633,11636,24418,24508,90
11633,11636,24664,24666,2
11633,11636,24669,24670,1
11633,11636,24702,24723,21
11633,11636,24725,24736,11
11633,11636,24741,24745,4
11633,11637,936,937,1
11633,11637,1009,1011,2
11633,11637,1022,1056,34
11633,11637,1058,1126,68
11633,11637,1128,1129,1
11633,11637,1132,1240,108
11633,11637,3928,3970,42
11633,11637,3980,3994,14
11633,11637,4071,4078,7
11633,11637,4104,4140,36
11633,11637,5006,5009,3
11633,11637,5011,5013,2
11633,11637,5015,5021,6
11633,11637,5109,5110,1
11633,11637,5115,5119,4
11633,11637,5184,5195,11
11633,11637,5213,5269,56
11633,11637,5271,5280,9
11633,11637,5287,5292,5
11633,11637,5300,5336,36
11633,11637,5341,5397,56
11633,11637,5399,5472,73
11633,11637,5477,5514,37
11633,11637,5524,5526,2
11633,11637,5533,5541,8
11633,11637,5586,5587,1
11633,11637,11893,11916,23
11633,11637,11967,11968,1
11633,11637,11970,12050,80
11633,11637,12055,12087,32
11633,11637,12092,12171,79
11633,11637,12174,12187,13
11633,11637,12564,12604,40
11633,11637,12630,12631,1
11633,11637,12634,12636,2
11633,11637,12976,12977,1
11633,11637,13029,13152,123
11633,11637,13154,13156,2
11633,11637,13182,13189,7
11633,11637,13387,13408,21
11633,11637,13411,13443,32
11633,11637,13464,13467,3
11633,11637,13857,13913,56
11633,11637,14473,14488,15
11633,11637,14496,14509,13
11633,11637,14543,14547,4
11633,11637,14549,14550,1
11633,11637,14552,14554,2
11633,11637,14556,14604,48
11633,11637,14617,14626,9
11633,11637,14629,14633,4
11633,11637,14637,14643,6
11633,11637,14648,14694,46
11633,11637,19021,19086,65
11633,11637,19092,19106,14
11633,11637,19114,19119,5
11633,11637,25247,25250,3
11633,11637,25265,25349,84
11633,11637,25361,25432,71
11633,11638,1275,1278,3
11633,11638,1298,1299,1
11633,11638,1310,1312,2
11633,11638,1319,1327,8
11633,11638,4486,4498,12
11633,11638,4720,4723,3
11633,11638,4733,4736,3
11633,11638,4745,4758,13
11633,11638,4981,4989,8
11633,11638,4994,5004,10
11633,11638,5006,5017,11
11633,11638,5310,5311,1
11633,11638,5480,5486,6
11633,11638,5493,5505,12
11633,11638,5513,5518,5
11633,11638,5522,5525,3
11633,11638,5538,5550,12
11633,11638,5568,5570,2
11633,11638,14768,14817,49
11633,11638,14821,14824,3
11633,11638,14903,14963,60
11633,11638,14971,15057,86
11633,11638,15061,15074,13
11633,11638,15080,15081,1
11633,11638,17109,17113,4
11633,11638,17126,17128,2
11633,11638,17131,17168,37
11633,11638,17177,17179,2
11633,11638,17192,17207,15
11633,11639,1254,1255,1
11633,11639,1432,1438,6
11633,11639,1483,1541,58
11633,11639,1544,1581,37
11633,11639,1583,1586,3
11633,11639,1589,1590,1
11633,11639,1655,1658,3
11633,11639,1662,1717,55
11633,11639,1719,1761,42
11633,11639,1846,1847,1
11633,11639,1849,1934,85
11633,11639,1936,2047,111
11633,11639,2058,2092,34
11633,11639,2095,2109,14
11633,11639,2112,2157,45
11633,11639,2161,2162,1
11633,11639,2211,2214,3
11633,11639,2559,2582,23
11633,11639,2591,2592,1
11633,11639,13832,13840,8
11633,11639,13847,13971,124
11633,11639,13975,13987,12
11633,11639,13992,14080,88
11633,11639,14108,14109,1
11633,11639,14111,14112,1
11633,11639,14141,14178,37
11633,11639,14183,14186,3
11633,11639,14235,14248,13
11633,11639,14266,14294,28
11633,11639,14307,14308,1
11633,11639,14312,14317,5
11633,11639,14365,14368,3
11633,11639,14390,14493,103
11633,11639,14496,14500,4
11633,11639,14557,14560,3
11633,11639,14570,14580,10
11633,11639,14628,14631,3
11633,11639,14634,14645,11
11633,11639,14648,14651,3
11633,11639,14653,14655,2
11633,11639,14860,14862,2
11633,11639,14866,14868,2
11633,11639,14874,14877,3
11633,11639,14879,14899,20
11633,11639,14905,14908,3
11633,11639,14916,14918,2
11633,11639,14923,14937,14
11633,11639,14954,14955,1
11633,11639,14958,14967,9
11633,11639,15401,15406,5
11633,11639,15408,15409,1
11633,11639,15412,15426,14
11633,11639,15470,15472,2
11633,11639,15480,15494,14
11633,11639,15497,15695,198
11633,11639,15701,15703,2
11633,11639,15819,15821,2
11633,11639,19048,19055,7
11633,11639,19057,19058,1
11633,11639,19063,19073,10
11633,11639,19077,19147,70
11633,11639,19230,19238,8
11633,11639,19273,19331,58
11633,11639,19573,19597,24
11633,11639,19675,19676,1
11633,11639,19744,19747,3
11633,11639,19750,19787,37
11633,11639,19818,19931,113
11633,11639,19933,19991,58
11633,11639,19994,20008,14
11633,11639,20067,20072,5
11633,11639,20320,20322,2
11633,11639,20390,20426,36
11633,11639,20440,20514,74
11633,11639,20682,20691,9
11633,11639,20694,20714,20
11633,11639,20716,20717,1
11633,11639,20990,20998,8
11633,11639,21198,21203,5
11633,11639,21207,21213,6
11633,11639,21225,21237,12
11633,11639,21243,21246,3
11633,11639,21599,21606,7
11633,11639,21615,21634,19
11633,11639,25243,25244,1
11633,11639,25272,25273,1
11633,11639,25276,25301,25
11633,11639,25303,25304,1
11633,11639,25311,25313,2
11633,11639,25315,25344,29
11633,11639,25367,25368,1
11633,11639,26237,26238,1
11633,11640,5918,5919,1
11633,11640,5921,5943,22
11633,11640,5945,5994,49
11633,11640,6040,6062,22
11633,11640,6064,6065,1
11633,11640,6071,6073,2
11633,11640,6077,6085,8
11633,11640,6089,6091,2
11633,11640,6093,6125,32
11633,11640,6128,6129,1
11633,11640,6437,6468,31
11633,11640,6485,6757,272
11633,11640,6762,6831,69
11633,11640,6842,6858,16
11633,11640,6864,6911,47
11633,11640,6951,6956,5
11633,11640,6989,6993,4
11633,11640,7076,7124,48
11633,11640,7129,7131,2
11633,11640,7139,7169,30
11633,11640,14607,14610,3
11633,11640,27412,27434,22
11633,11640,27439,27443,4
11633,11640,27445,27446,1
11633,11640,27454,27457,3
11633,11640,27467,27504,37
11633,11640,27530,27531,1
11633,11640,27533,27766,233
11633,11640,27769,27803,34
11633,11640,27811,27825,14
11633,11640,27914,27919,5
11633,11640,27950,27954,4
11633,11640,27972,27977,5
11633,11640,27979,28031,52
11634,11635,2983,2987,4
11634,11635,2990,2991,1
11634,11635,3060,3071,11
11634,11635,3073,3097,24
11634,11635,3114,3132,18
11634,11635,3139,3142,3
11634,11635,3144,3156,12
11634,11635,3251,3252,1
11634,11635,3276,3281,5
11634,11635,3296,3298,2
11634,11635,3300,3304,4
11634,11635,3312,3314,2
11634,11635,3334,3335,1
11634,11635,3339,3346,7
11634,11635,3350,3358,8
11634,11635,5221,5222,1
11634,11635,5225,5313,88
11634,11635,5460,5498,38
11634,11635,5500,5563,63
11634,11635,7924,7927,3
11634,11635,7955,7970,15
11634,11635,7973,8147,174
11634,11635,8163,8204,41
11634,11635,8208,8213,5
11634,11635,8218,8221,3
11634,11635,8417,8499,82
11634,11635,8501,8627,126
11634,11635,8631,8668,37
11634,11635,9122,9131,9
11634,11635,9137,9150,13
11634,11635,9157,9172,15
11634,11635,9236,9238,2
11634,11635,9242,9252,10
11634,11635,9264,9321,57
11634,11635,9326,9330,4
11634,11635,9338,9339,1
11634,11635,9684,9694,10
11634,11635,9779,9782,3
11634,11635,9786,9798,12
11634,11635,9803,9867,64
11634,11635,9874,9896,22
11634,11635,9899,9902,3
11634,11635,9992,9993,1
11634,11635,10006,10008,2
11634,11635,10010,10050,40
11634,11635,10066,10068,2
11634,11635,10072,10135,63
11634,11635,10162,10222,60
11634,11635,10224,10227,3
11634,11635,10338,10341,3
11634,11635,20515,20517,2
11634,11635,20954,20963,9
11634,11635,21087,21090,3
11634,11635,26493,26494,1
11634,11635,26496,26499,3
11634,11635,26506,26609,103
11634,11635,26650,26657,7
11634,11635,26659,26741,82
11634,11635,26996,27001,5
11634,11635,27008,27013,5
11634,11635,27050,27052,2
11634,11635,27054,27172,118
11634,11635,27177,27243,66
11634,11635,27249,27263,14
11634,11635,27269,27271,2
11634,11635,27273,27280,7
11634,11635,27661,27662,1
11634,11635,27669,27679,10
11634,11635,27746,27749,3
11634,11635,27754,27774,20
11634,11636,2167,2178,11
11634,11636,2534,2535,1
11634,11636,2537,2542,5
11634,11636,2545,2557,12
11634,11636,2560,2565,5
11634,11636,2568,2569,1
11634,11636,2595,2600,5
11634,11636,2602,2604,2
11634,11636,2607,2618,11
11634,11636,2682,2683,1
11634,11636,2685,2691,6
11634,11636,2974,2976,2
11634,11636,3245,3254,9
11634,11636,3261,3289,28
11634,11636,3295,3303,8
11634,11636,3313,3449,136
11634,11636,3453,3457,4
11634,11636,3459,3463,4
11634,11636,4578,4580,2
11634,11636,4582,4600,18
11634,11636,4605,4646,41
11634,11636,4649,4652,3
11634,11636,4664,4667,3
11634,11636,4671,4675,4
11634,11636,8046,8050,4
11634,11636,8053,8059,6
11634,11636,8064,8075,11
11634,11636,8089,8094,5
11634,11636,8099,8147,48
11634,11636,8177,8178,1
11634,11636,10882,10887,5
11634,11636,10889,10937,48
11634,11636,10939,10959,20
11634,11636,10966,10971,5
11634,11636,10973,10977,4
11634,11636,12888,12889,1
11634,11636,13236,13252,16
11634,11636,13281,13282,1
11634,11636,13484,13553,69
11634,11636,13558,13570,12
11634,11636,13586,13672,86
11634,11636,16624,16627,3
11634,11636,16629,16632,3
11634,11636,17087,17089,2
11634,11636,17251,17256,5
11634,11636,17269,17271,2
11634,11636,19501,19504,3
11634,11636,19518,19524,6
11634,11636,19527,19529,2
11634,11636,19531,19541,10
11634,11636,19544,19548,4
11634,11636,20445,20446,1
11634,11636,20454,20458,4
11634,11636,20509,20510,1
11634,11636,20512,20583,71
11634,11636,20589,20599,10
11634,11636,20628,20629,1
11634,11636,20635,20650,15
11634,11636,20654,20659,5
11634,11636,20723,20724,1
11634,11636,20729,20737,8
11634,11636,20750,20762,12
11634,11636,20764,20766,2
11634,11636,20770,20773,3
11634,11636,20796,20804,8
11634,11636,20807,20834,27
11634,11636,20845,20854,9
11634,11636,20856,20857,1
11634,11636,20859,20868,9
11634,11636,20925,20968,43
11634,11636,23618,23664,46
11634,11636,23667,23668,1
11634,11636,23679,23685,6
11634,11636,23698,23704,6
11634,11636,23707,23713,6
11634,11636,23715,23716,1
11634,11636,24030,24059,29
11634,11636,24061,24063,2
11634,11636,24066,24071,5
11634,11636,24331,24332,1
11634,11636,24442,24446,4
11634,11636,24451,24457,6
11634,11636,24460,24461,1
11634,11636,24470,24473,3
11634,11636,24481,24482,1
11634,11636,24484,24508,24
11634,11636,24510,24570,60
11634,11636,24583,24584,1
11634,11636,24587,24602,15
11634,11636,24606,24745,139
11634,11636,24755,24756,1
11634,11636,24771,24773,2
11634,11636,24780,24788,8
11634,11636,24790,24792,2
11634,11637,1817,1819,2
11634,11637,1824,1830,6
11634,11637,1832,1837,5
11634,11637,1840,1841,1
11634,11637,4061,4062,1
11634,11637,4065,4066,1
11634,11637,4069,4070,1
11634,11637,4085,4086,1
11634,11637,4158,4162,4
11634,11637,4164,4170,6
11634,11637,4433,4485,52
11634,11637,4487,4529,42
11634,11637,4531,4534,3
11634,11637,4540,4616,76
11634,11637,4694,4706,12
11634,11637,4733,4896,163
11634,11637,5326,5329,3
11634,11637,5331,5334,3
11634,11637,5352,5359,7
11634,11637,5396,5427,31
11634,11637,5662,5663,1
11634,11637,6100,6117,17
11634,11637,6138,6139,1
11634,11637,6201,6203,2
11634,11637,6211,6214,3
11634,11637,6498,6499,1
11634,11637,6501,6506,5
11634,11637,6508,6509,1
11634,11637,6559,6565,6
11634,11637,6805,6806,1
11634,11637,6828,6848,20
11634,11637,6889,6918,29
11634,11637,6921,6923,2
11634,11637,7433,7453,20
11634,11637,7455,7460,5
11634,11637,7497,7529,32
11634,11637,7689,7698,9
11634,11637,7770,7787,17
11634,11637,7789,7791,2
11634,11637,7842,7845,3
11634,11637,7849,7850,1
11634,11637,7871,7877,6
11634,11637,7886,7957,71
11634,11637,7959,7979,20
11634,11637,7986,8031,45
11634,11637,8036,8039,3
11634,11637,8070,8072,2
11634,11637,8085,8108,23
11634,11637,8119,8161,42
11634,11637,8169,8216,47
11634,11637,8218,8221,3
11634,11637,8252,8262,10
11634,11637,8291,8314,23
11634,11637,8630,8631,1
11634,11637,8633,8651,18
11634,11637,8659,8660,1
11634,11637,8664,8714,50
11634,11637,8840,8874,34
11634,11637,8891,8894,3
11634,11637,9251,9252,1
11634,11637,9285,9291,6
11634,11637,9297,9298,1
11634,11637,10710,10711,1
11634,11637,10713,10715,2
11634,11637,10868,10897,29
11634,11637,10917,10918,1
11634,11637,10927,10928,1
11634,11637,10973,11013,40
11634,11637,11044,11045,1
11634,11637,11048,11076,28
11634,11637,11091,11094,3
11634,11637,13395,13411,16
11634,11637,13445,13446,1
11634,11637,13449,13450,1
11634,11637,25470,25471,1
11634,11637,25504,25505,1
11634,11637,28241,28256,15
11634,11637,28308,28312,4
11634,11637,28316,28318,2
11634,11638,4738,4740,2
11634,11638,4792,4800,8
11634,11638,4875,4969,94
11634,11638,5647,5663,16
11634,11638,8032,8037,5
11634,11638,8040,8071,31
11634,11638,8099,8149,50
11634,11638,8173,8185,12
11634,11638,8211,8219,8
11634,11638,8864,8870,6
11634,11638,8872,8877,5
11634,11638,10132,10191,59
11634,11638,10199,10202,3
11634,11638,10206,10207,1
11634,11638,11281,11283,2
11634,11638,11452,11458,6
11634,11638,11530,11534,4
11634,11638,11574,11575,1
11634,11638,11581,11589,8
11634,11638,11678,11699,21
11634,11638,11701,11707,6
11634,11638,13965,14009,44
11634,11638,14282,14298,16
11634,11638,14303,14315,12
11634,11638,14670,14730,60
11634,11638,16075,16076,1
11634,11638,20342,20351,9
11634,11638,20371,20412,41
11634,11638,20415,20484,69
11634,11638,20509,20510,1
11634,11638,20512,20513,1
11634,11638,28011,28019,8
11634,11638,28033,28035,2
11634,11639,5294,5320,26
11634,11639,5377,5394,17
11634,11639,5427,5461,34
11634,11639,5467,5469,2
11634,11639,5852,5876,24
11634,11639,5898,5899,1
11634,11639,5905,5913,8
11634,11639,5915,5919,4
11634,11639,5921,5933,12
11634,11639,5936,5961,25
11634,11639,5969,5970,1
11634,11639,5973,5976,3
11634,11639,6006,6029,23
11634,11639,6033,6037,4
11634,11639,6039,6043,4
11634,11639,6045,6048,3
11634,11639,6292,6302,10
11634,11639,6306,6307,1
11634,11639,6404,6410,6
11634,11639,6412,6416,4
11634,11639,6419,6437,18
11634,11639,6444,6460,16
11634,11639,6466,6479,13
11634,11639,6481,6504,23
11634,11639,6506,6606,100
11634,11639,6638,6639,1
11634,11639,6641,6693,52
11634,11639,6742,6750,8
11634,11639,6760,6796,36
11634,11639,6871,6873,2
11634,11639,6889,6890,1
11634,11639,6939,6943,4
11634,11639,7025,7039,14
11634,11639,7043,7132,89
11634,11639,7139,7146,7
11634,11639,7148,7173,25
11634,11639,7184,7196,12
11634,11639,7198,7206,8
11634,11639,7213,7245,32
11634,11639,7251,7255,4
11634,11639,7293,7294,1
11634,11639,7308,7310,2
11634,11639,7322,7425,103
11634,11639,7454,7456,2
11634,11639,7465,7468,3
11634,11639,7686,7696,10
11634,11639,7700,7710,10
11634,11639,7712,7718,6
11634,11639,7746,7777,31
11634,11639,7784,7787,3
11634,11639,7789,7790,1
11634,11639,7792,7796,4
11634,11639,9239,9241,2
11634,11639,9249,9255,6
11634,11639,11957,11965,8
11634,11639,11996,11998,2
11634,11639,12124,12130,6
11634,11639,12133,12142,9
11634,11639,12163,12183,20
11634,11639,12394,12395,1
11634,11639,12397,12405,8
11634,11639,12517,12622,105
11634,11639,12624,12668,44
11634,11639,13493,13494,1
11634,11639,13497,13587,90
11634,11639,13593,13596,3
11634,11639,13599,13609,10
11634,11639,13621,13629,8
11634,11639,13646,13652,6
11634,11639,13654,13658,4
11634,11639,13660,13668,8
11634,11639,13709,13733,24
11634,11639,13735,13740,5
11634,11639,13743,13745,2
11634,11639,13754,13770,16
11634,11639,19845,19924,79
11634,11639,19934,19937,3
11634,11639,19993,19998,5
11634,11639,20005,20015,10
11634,11639,20023,20038,15
11634,11639,20060,20061,1
11634,11639,20092,20197,105
11634,11639,20201,20213,12
11634,11639,20737,20742,5
11634,11639,20744,20795,51
11634,11639,22313,22325,12
11634,11639,22329,22331,2
11634,11639,22337,22361,24
11634,11639,22383,22388,5
11634,11639,22433,22435,2
11634,11639,22437,22445,8
11634,11639,22451,22467,16
11634,11639,22471,22581,110
11634,11639,22595,22699,104
11634,11639,25400,25401,1
11634,11640,3378,3423,45
11634,11640,3425,3426,1
11634,11640,3428,3431,3
11634,11640,3433,3437,4
11634,11640,3449,3451,2
11634,11640,3491,3493,2
11634,11640,9336,9340,4
11634,11640,9430,9433,3
11634,11640,9581,9583,2
11634,11640,9589,9596,7
11634,11640,9602,9603,1
11634,11640,9613,9620,7
11634,11640,9632,9697,65
11634,11640,9700,9743,43
11634,11640,9769,9845,76
11634,11640,9849,9864,15
11634,11640,9874,9907,33
11634,11640,10019,10024,5
11634,11640,10031,10120,89
11634,11640,10122,10125,3
11634,11640,10132,10146,14
11634,11640,10169,10191,22
11634,11640,10250,10252,2
11634,11640,10322,10326,4
11634,11640,10334,10341,7
11634,11640,10349,10365,16
11634,11640,10372,10375,3
11634,11640,10668,10669,1
11634,11640,10674,10675,1
11634,11640,10677,10683,6
11634,11640,10839,10908,69
11634,11640,10922,10923,1
11634,11640,10931,10932,1
11634,11640,11041,11044,3
11634,11640,11069,11078,9
11634,11640,11080,11091,11
11634,11640,11101,11103,2
11634,11640,11118,11159,41
11634,11640,11163,11173,10
11634,11640,11175,11292,117
11634,11640,11501,11519,18
11634,11640,11521,11522,1
11634,11640,11730,11767,37
11634,11640,11770,11771,1
11634,11640,11894,11895,1
11634,11640,12884,12886,2
11634,11640,21286,21359,73
11634,11640,21382,21392,10
11634,11640,21404,21406,2
11634,11640,21463,21466,3
11634,11640,21468,21475,7
11634,11640,21485,21502,17
11634,11640,21506,21507,1
11634,11640,21510,21629,119
11634,11640,21633,21644,11
11634,11640,21661,21670,9
11634,11640,21672,21673,1
11634,11640,21675,21706,31
11634,11640,21751,21757,6
11634,11640,21759,21771,12
11634,11640,21804,21807,3
11634,11640,21812,21983,171
11634,11640,22052,22106,54
11634,11640,22121,22123,2
11634,11640,22129,22130,1
11634,11640,22136,22142,6
11634,11640,22149,22167,18
11634,11640,22187,22188,1
11634,11640,22204,22205,1
11634,11640,22319,22322,3
11634,11640,22330,22331,1
11634,11640,26264,26291,27
11634,11640,26598,26603,5
11634,11640,26607,26671,64
11634,11640,28488,28512,24
11634,11640,28529,28536,7
11634,11640,28628,28643,15
11634,11640,28657,28660,3
11634,11640,28665,28681,16
11634,11640,28684,28698,14
11634,11640,28715,28718,3
11634,11640,28723,28725,2
11634,11640,28739,28746,7
11634,11640,28748,28749,1
11635,11636,270,275,5
11635,11636,413,434,21
11635,11636,462,486,24
11635,11636,694,708,14
11635,11636,2828,2836,8
11635,11636,2840,2967,127
11635,11636,3065,3073,8
11635,11636,3133,3135,2
11635,11636,3137,3143,6
11635,11636,3150,3298,148
11635,11636,3300,3304,4
11635,11636,3309,3355,46
11635,11636,8068,8069,1
11635,11636,8071,8073,2
11635,11636,8075,8078,3
11635,11636,8110,8113,3
11635,11636,8125,8260,135
11635,11636,8263,8298,35
11635,11636,8301,8357,56
11635,11636,8596,8603,7
11635,11636,8796,8797,1
11635,11636,8801,8805,4
11635,11636,10917,10928,11
11635,11636,10945,10954,9
11635,11636,10963,10964,1
11635,11636,10966,10967,1
11635,11636,10970,11121,151
11635,11636,11279,11292,13
11635,11636,11296,11297,1
11635,11636,11299,11300,1
11635,11636,13734,13738,4
11635,11636,13975,14013,38
11635,11636,14015,14016,1
11635,11636,14039,14126,87
11635,11636,14128,14131,3
11635,11636,14134,14158,24
11635,11636,14165,14276,111
11635,11636,16119,16120,1
11635,11636,16413,16416,3
11635,11636,16425,16441,16
11635,11636,16443,16444,1
11635,11636,16460,16479,19
11635,11636,16485,16488,3
11635,11636,16490,16497,7
11635,11636,16772,16774,2
11635,11636,16778,16787,9
11635,11636,16794,16835,41
11635,11636,17369,17375,6
11635,11636,17380,17428,48
11635,11636,17700,17736,36
11635,11636,17749,17765,16
11635,11636,18086,18095,9
11635,11636,18097,18099,2
11635,11636,18135,18152,17
11635,11636,18154,18259,105
11635,11636,18268,18269,1
11635,11636,18328,18330,2
11635,11636,18332,18352,20
11635,11636,18363,18403,40
11635,11636,18406,18408,2
11635,11636,18414,18418,4
11635,11636,18421,18448,27
11635,11636,18473,18510,37
11635,11636,18552,18557,5
11635,11636,18572,18666,94
11635,11636,18750,18752,2
11635,11636,18770,18797,27
11635,11636,18799,18804,5
11635,11636,18815,18820,5
11635,11636,19144,19159,15
11635,11636,19347,19348,1
11635,11636,19350,19352,2
11635,11636,19359,19360,1
11635,11636,19363,19377,14
11635,11636,19379,19381,2
11635,11636,19386,19388,2
11635,11636,19469,19485,16
11635,11636,20156,20169,13
11635,11636,20319,20320,1
11635,11636,20431,20432,1
11635,11636,20437,20455,18
11635,11636,20469,20474,5
11635,11636,20476,20477,1
11635,11636,20485,20531,46
11635,11636,20542,20543,1
11635,11636,21586,21604,18
11635,11636,21606,21607,1
11635,11636,22593,22607,14
11635,11636,22611,22613,2
11635,11636,22618,22623,5
11635,11636,22653,22666,13
11635,11636,22750,22755,5
11635,11637,908,913,5
11635,11637,925,927,2
11635,11637,2714,2790,76
11635,11637,2794,2795,1
11635,11637,2849,2856,7
11635,11637,2858,2859,1
11635,11637,3188,3193,5
11635,11637,3230,3231,1
11635,11637,3307,3325,18
11635,11637,3337,3339,2
11635,11637,3341,3345,4
11635,11637,3356,3361,5
11635,11637,3450,3453,3
11635,11637,3455,3457,2
11635,11637,3461,3465,4
11635,11637,3468,3472,4
11635,11637,3474,3499,25
11635,11637,3505,3521,16
11635,11637,3528,3529,1
11635,11637,3536,3594,58
11635,11637,3603,3607,4
11635,11637,3612,3615,3
11635,11637,3644,3647,3
11635,11637,3677,3728,51
11635,11637,3731,3784,53
11635,11637,3802,3803,1
11635,11637,5378,5381,3
11635,11637,5408,5409,1
11635,11637,5412,5430,18
11635,11637,5473,5476,3
11635,11637,7005,7015,10
11635,11637,7023,7027,4
11635,11637,7038,7046,8
11635,11637,7193,7195,2
11635,11637,7796,7799,3
11635,11637,7816,7829,13
11635,11637,7837,7852,15
11635,11637,7859,7866,7
11635,11637,7904,7905,1
11635,11637,7981,7983,2
11635,11637,7986,8022,36
11635,11637,8024,8044,20
11635,11637,8052,8055,3
11635,11637,8060,8063,3
11635,11637,8065,8076,11
11635,11637,8079,8082,3
11635,11637,8087,8140,53
11635,11637,8175,8208,33
11635,11637,8222,8225,3
11635,11637,8358,8362,4
11635,11637,8364,8366,2
11635,11637,8378,8397,19
11635,11637,8513,8514,1
11635,11637,8649,8662,13
11635,11637,8666,8668,2
11635,11637,9050,9052,2
11635,11637,9199,9205,6
11635,11637,9214,9217,3
11635,11637,9221,9249,28
11635,11637,9304,9307,3
11635,11637,10315,10317,2
11635,11637,10319,10389,70
11635,11637,10393,10441,48
11635,11637,10447,10468,21
11635,11637,10470,10511,41
11635,11637,10513,10518,5
11635,11637,10520,10528,8
11635,11637,10543,10564,21
11635,11637,10567,10568,1
11635,11637,10570,10571,1
11635,11637,10820,10834,14
11635,11637,10839,10854,15
11635,11637,10856,10859,3
11635,11637,11034,11035,1
11635,11637,11277,11278,1
11635,11637,11305,11310,5
11635,11637,11428,11452,24
11635,11637,11454,11459,5
11635,11637,11541,11699,158
11635,11637,11712,11729,17
11635,11637,11731,11745,14
11635,11637,11755,11758,3
11635,11637,11765,11770,5
11635,11637,11776,11794,18
11635,11637,11797,11798,1
11635,11637,11818,11819,1
11635,11637,11865,11870,5
11635,11637,11874,11875,1
11635,11637,11877,11879,2
11635,11637,12975,13034,59
11635,11637,21457,21458,1
11635,11637,24264,24266,2
11635,11637,24274,24275,1
11635,11637,24278,24303,25
11635,11637,24331,24339,8
11635,11637,24342,24346,4
11635,11637,24381,24383,2
11635,11637,24385,24391,6
11635,11637,24491,24493,2
11635,11637,25194,25197,3
11635,11637,25202,25206,4
11635,11638,0,3,3
11635,11638,49,57,8
11635,11638,72,79,7
11635,11638,101,102,1
11635,11638,105,107,2
11635,11638,109,112,3
11635,11638,114,116,2
11635,11638,1011,1017,6
11635,11638,1019,1145,126
11635,11638,1279,1292,13
11635,11638,2724,2757,33
11635,11638,2762,2790,28
11635,11638,2794,2795,1
11635,11638,2837,2841,4
11635,11638,2854,2855,1
11635,11638,3448,3489,41
11635,11638,3524,3532,8
11635,11638,3579,3580,1
11635,11638,3584,3599,15
11635,11638,3605,3645,40
11635,11638,3647,3663,16
11635,11638,3701,3707,6
11635,11638,3718,3720,2
11635,11638,3722,3725,3
11635,11638,3740,3741,1
11635,11638,3743,3750,7
11635,11638,3752,3776,24
11635,11638,3785,3927,142
11635,11638,3929,3952,23
11635,11638,3968,3969,1
11635,11638,4070,4071,1
11635,11638,4073,4074,1
11635,11638,4089,4099,10
11635,11638,4110,4117,7
11635,11638,4146,4187,41
11635,11638,4190,4191,1
11635,11638,4203,4208,5
11635,11638,4221,4243,22
11635,11638,8054,8071,17
11635,11638,8100,8101,1
11635,11638,8107,8289,182
11635,11638,8294,8306,12
11635,11638,8353,8399,46
11635,11638,8500,8502,2
11635,11638,9314,9325,11
11635,11638,10171,10172,1
11635,11638,10174,10185,11
11635,11638,10895,10962,67
11635,11638,10967,10980,13
11635,11638,10997,11005,8
11635,11638,11015,11016,1
11635,11638,11018,11024,6
11635,11638,11027,11031,4
11635,11638,13301,13321,20
11635,11638,13375,13404,29
11635,11638,13406,13409,3
11635,11638,13452,13466,14
11635,11638,13468,13470,2
11635,11638,13492,13542,50
11635,11638,13590,13602,12
11635,11638,13604,13609,5
11635,11638,13611,13664,53
11635,11638,13782,13788,6
11635,11638,13791,13792,1
11635,11638,13794,13800,6
11635,11638,15150,15151,1
11635,11638,15474,15475,1
11635,11638,15478,15479,1
11635,11638,15658,15670,12
11635,11638,15720,15726,6
11635,11638,15728,15749,21
11635,11638,16421,16423,2
11635,11638,16425,16438,13
11635,11638,16443,16445,2
11635,11638,16449,16451,2
11635,11638,16460,16503,43
11635,11638,16510,16511,1
11635,11638,17413,17432,19
11635,11638,17549,17556,7
11635,11638,17558,17560,2
11635,11638,17965,17967,2
11635,11638,17998,17999,1
11635,11638,18004,18034,30
11635,11638,18137,18141,4
11635,11638,18144,18147,3
11635,11638,18154,18163,9
11635,11638,18167,18168,1
11635,11638,18171,18172,1
11635,11638,18179,18183,4
11635,11638,18672,18674,2
11635,11638,18676,18682,6
11635,11638,18695,18697,2
11635,11638,18705,18712,7
11635,11638,18745,18754,9
11635,11638,19175,19176,1
11635,11638,19675,19838,163
11635,11638,19852,19905,53
11635,11638,20100,20101,1
11635,11638,20105,20110,5
11635,11638,20112,20116,4
11635,11638,20120,20229,109
11635,11638,20284,20286,2
11635,11638,20288,20290,2
11635,11638,20292,20322,30
11635,11638,25718,25758,40
11635,11638,25767,25771,4
11635,11638,25774,25861,87
11635,11638,25863,25866,3
11635,11638,25876,25878,2
11635,11638,25923,25927,4
11635,11638,25935,25945,10
11635,11639,2319,2322,3
11635,11639,4900,4903,3
11635,11639,4913,4940,27
11635,11639,4942,4943,1
11635,11639,4951,4954,3
11635,11639,4993,4996,3
11635,11639,5000,5030,30
11635,11639,5032,5033,1
11635,11639,5036,5054,18
11635,11639,5056,5235,179
11635,11639,5291,5316,25
11635,11639,5323,5329,6
11635,11639,5332,5337,5
11635,11639,5342,5343,1
11635,11639,5351,5371,20
11635,11639,5380,5381,1
11635,11639,5564,5567,3
11635,11639,5570,5572,2
11635,11639,5710,5714,4
11635,11639,5720,5724,4
11635,11639,5728,5734,6
11635,11639,5736,5738,2
11635,11639,5782,5787,5
11635,11639,9234,9237,3
11635,11639,9239,9254,15
11635,11639,9319,9338,19
11635,11639,9353,9357,4
11635,11639,9371,9380,9
11635,11639,9382,9388,6
11635,11639,9429,9451,22
11635,11639,9453,9467,14
11635,11639,9475,9478,3
11635,11639,9485,9488,3
11635,11639,9536,9538,2
11635,11639,25615,25624,9
11635,11639,25629,25634,5
11635,11639,25637,25642,5
11635,11639,25677,25678,1
11635,11639,25684,25791,107
11635,11639,25809,25828,19
11635,11639,28665,28666,1
11635,11640,166,177,11
11635,11640,185,200,15
11635,11640,221,249,28
11635,11640,252,263,11
11635,11640,266,268,2
11635,11640,280,282,2
11635,11640,287,321,34
11635,11640,324,327,3
11635,11640,331,361,30
11635,11640,429,433,4
11635,11640,442,444,2
11635,11640,483,543,60
11635,11640,548,556,8
11635,11640,1018,1044,26
11635,11640,1057,1076,19
11635,11640,1088,1093,5
11635,11640,1095,1307,212
11635,11640,2688,2690,2
11635,11640,2705,2739,34
11635,11640,2741,2771,30
11635,11640,2827,2838,11
11635,11640,2840,2843,3
11635,11640,2845,2854,9
11635,11640,2856,2858,2
11635,11640,2860,2902,42
11635,11640,2925,2927,2
11635,11640,2931,2943,12
11635,11640,2946,3050,104
11635,11640,3052,3062,10
11635,11640,8935,8937,2
11635,11640,8953,8955,2
11635,11640,9591,9593,2
11635,11640,9608,9615,7
11635,11640,9621,9627,6
11635,11640,9655,9664,9
11635,11640,9678,9684,6
11635,11640,9686,9687,1
11635,11640,9752,9754,2
11635,11640,9771,9822,51
11635,11640,9825,9842,17
11635,11640,9846,9849,3
11635,11640,9851,9857,6
11635,11640,9877,9886,9
11635,11640,9918,10050,132
11635,11640,10064,10068,4
11635,11640,10072,10388,316
11635,11640,10406,10407,1
11635,11640,10409,10439,30
11635,11640,10452,10500,48
11635,11640,10506,10512,6
11635,11640,10524,10546,22
11635,11640,10565,10622,57
11635,11640,10625,10636,11
11635,11640,10651,10652,1
11635,11640,10694,10697,3
11635,11640,10705,10717,12
11635,11640,10720,10721,1
11635,11640,16935,16945,10
11635,11640,16952,16958,6
11635,11640,18170,18171,1
11635,11640,18175,18236,61
11635,11640,18241,18332,91
11635,11640,18541,18544,3
11635,11640,18548,18641,93
11635,11640,24931,24935,4
11635,11640,24937,24946,9
11635,11640,24948,24950,2
11635,11640,24961,24963,2
11635,11640,25698,25699,1
11635,11640,25701,25721,20
11635,11640,25723,25770,47
11635,11640,25776,25782,6
11635,11640,26151,26155,4
11635,11640,26207,26209,2
11635,11640,26223,26227,4
11635,11640,26268,26269,1
11635,11640,26278,26484,206
11635,11640,26490,26492,2
11635,11640,26879,26888,9
11635,11640,26896,26902,6
11635,11640,26910,26912,2
11635,11640,26915,26917,2
11636,11637,928,930,2
11636,11637,972,977,5
11636,11637,985,1062,77
11636,11637,1065,1076,11
11636,11637,1078,1165,87
11636,11637,1192,1206,14
11636,11637,1964,2005,41
11636,11637,2010,2011,1
11636,11637,2402,2408,6
11636,11637,2413,2414,1
11636,11637,2421,2422,1
11636,11637,2427,2430,3
11636,11637,2434,2448,14
11636,11637,2456,2489,33
11636,11637,2493,2501,8
11636,11637,2504,2505,1
11636,11637,2508,2521,13
11636,11637,2988,2998,10
11636,11637,3001,3039,38
11636,11637,3113,3121,8
11636,11637,3172,3177,5
11636,11637,3192,3193,1
11636,11637,3809,3818,9
11636,11637,3823,3833,10
11636,11637,3864,3871,7
11636,11637,3907,3930,23
11636,11637,3932,3939,7
11636,11637,4279,4281,2
11636,11637,4287,4289,2
11636,11637,4292,4329,37
11636,11637,4333,4409,76
11636,11637,4457,4472,15
11636,11637,4479,4480,1
11636,11637,4484,4488,4
11636,11637,4515,4522,7
11636,11637,4528,4541,13
11636,11637,4543,4547,4
11636,11637,4549,4553,4
11636,11637,8195,8202,7
11636,11637,8231,8232,1
11636,11637,11024,11026,2
11636,11637,11036,11040,4
11636,11637,11050,11057,7
11636,11637,11293,11299,6
11636,11637,11301,11330,29
11636,11637,12961,12962,1
11636,11637,12965,12974,9
11636,11637,17602,17629,27
11636,11637,17635,17652,17
11636,11637,21663,21764,101
11636,11637,21777,21785,8
11636,11637,21787,21790,3
11636,11637,21793,21800,7
11636,11637,21809,21823,14
11636,11637,21830,21833,3
11636,11638,1194,1263,69
11636,11638,1266,1267,1
11636,11638,1383,1390,7
11636,11638,1393,1397,4
11636,11638,1399,1400,1
11636,11638,1412,1463,51
11636,11638,1471,1495,24
11636,11638,1677,1697,20
11636,11638,1708,1718,10
11636,11638,1720,1721,1
11636,11638,2132,2139,7
11636,11638,3085,3088,3
11636,11638,6358,6359,1
11636,11638,6368,6369,1
11636,11638,6965,6966,1
11636,11638,6969,6990,21
11636,11638,6994,6997,3
11636,11638,7007,7017,10
11636,11638,7020,7021,1
11636,11638,7029,7031,2
11636,11638,7041,7271,230
11636,11638,7314,7317,3
11636,11638,7321,7335,14
11636,11638,7512,7525,13
11636,11638,7657,7659,2
11636,11638,7663,7677,14
11636,11638,7679,7680,1
11636,11638,7878,7889,11
11636,11638,8046,8050,4
11636,11638,8090,8102,12
11636,11638,8119,8120,1
11636,11638,8123,8181,58
11636,11638,8184,8185,1
11636,11638,8187,8191,4
11636,11638,8200,8215,15
11636,11638,8217,8219,2
11636,11638,8227,8232,5
11636,11638,8234,8239,5
11636,11638,8245,8249,4
11636,11638,8252,8284,32
11636,11638,10288,10290,2
11636,11638,10489,10491,2
11636,11638,10493,10500,7
11636,11638,10502,10515,13
11636,11638,10517,10521,4
11636,11638,10532,10540,8
11636,11638,10545,10548,3
11636,11638,10568,10571,3
11636,11638,10573,10749,176
11636,11638,10781,10782,1
11636,11638,10787,10789,2
11636,11638,10802,10822,20
11636,11638,10945,10953,8
11636,11638,10997,11054,57
11636,11638,11056,11062,6
11636,11638,11064,11070,6
11636,11638,11123,11181,58
11636,11638,11184,11185,1
11636,11638,11187,11189,2
11636,11638,11191,11193,2
11636,11638,11223,11246,23
11636,11638,11277,11280,3
11636,11638,11284,11322,38
11636,11638,11327,11420,93
11636,11638,11422,11424,2
11636,11638,11459,11472,13
11636,11638,11476,11482,6
11636,11638,11492,11516,24
11636,11638,12084,12086,2
11636,11638,12088,12089,1
11636,11638,12143,12145,2
11636,11638,12181,12191,10
11636,11638,12220,12222,2
11636,11638,12610,12672,62
11636,11638,13671,13737,66
11636,11638,13741,13804,63
11636,11638,13883,13889,6
11636,11638,15352,15353,1
11636,11638,15568,15581,13
11636,11638,16084,16085,1
11636,11638,16087,16099,12
11636,11638,16103,16104,1
11636,11638,16138,16139,1
11636,11638,16141,16202,61
11636,11638,16380,16499,119
11636,11638,16514,16551,37
11636,11638,16554,16572,18
11636,11638,16583,16605,22
11636,11638,16611,16614,3
11636,11638,17132,17139,7
11636,11638,17141,17143,2
11636,11638,17145,17147,2
11636,11638,17152,17154,2
11636,11638,17315,17316,1
11636,11638,17336,17356,20
11636,11638,17367,17399,32
11636,11638,17401,17402,1
11636,11638,17404,17485,81
11636,11638,17490,17503,13
11636,11638,17532,17548,16
11636,11638,17550,17616,66
11636,11638,17618,17619,1
11636,11638,17647,17698,51
11636,11638,18117,18123,6
11636,11638,18132,18228,96
11636,11638,18230,18249,19
11636,11638,18271,18273,2
11636,11638,18276,18281,5
11636,11638,18284,18292,8
11636,11638,18660,18666,6
11636,11638,18668,18673,5
11636,11638,18675,18687,12
11636,11638,18718,18765,47
11636,11638,18779,18781,2
11636,11638,18797,18799,2
11636,11638,18808,18811,3
11636,11638,18840,18958,118
11636,11638,18960,18963,3
11636,11638,18978,18983,5
11636,11638,18987,19021,34
11636,11638,19084,19086,2
11636,11638,19091,19092,1
11636,11638,19942,19944,2
11636,11638,19947,19953,6
11636,11638,19956,20145,189
11636,11638,20147,20152,5
11636,11638,20155,20171,16
11636,11638,20182,20212,30
11636,11638,20214,20216,2
11636,11638,20227,20266,39
11636,11638,20268,20284,16
11636,11638,20287,20341,54
11636,11638,20409,20422,13
11636,11638,20427,20435,8
11636,11638,20445,20446,1
11636,11638,20463,20465,2
11636,11638,20477,20492,15
11636,11638,20497,20503,6
11636,11638,20505,20509,4
11636,11638,20512,20514,2
11636,11638,21934,21935,1
11636,11638,21954,21955,1
11636,11638,21960,21974,14
11636,11638,21983,21987,4
11636,11638,21989,22036,47
11636,11638,22039,22040,1
11636,11638,22044,22088,44
11636,11638,22094,22095,1
11636,11638,22108,22119,11
11636,11638,22122,22143,21
11636,11638,22147,22171,24
11636,11638,22173,22180,7
11636,11638,22195,22198,3
11636,11638,22205,22206,1
11636,11638,22211,22271,60
11636,11638,22276,22332,56
11636,11638,22337,22393,56
11636,11638,25986,25987,1
11636,11638,26123,26125,2
11636,11638,26127,26133,6
11636,11638,26136,26138,2
11636,11638,26142,26189,47
11636,11638,26219,26223,4
11636,11638,26242,26243,1
11636,11638,26245,26267,22
11636,11638,26273,26454,181
11636,11638,26457,26462,5
11636,11638,26472,26473,1
11636,11638,26482,26554,72
11636,11638,26558,26559,1
11636,11638,26563,26564,1
11636,11638,26571,26607,36
11636,11638,26609,26610,1
11636,11638,26649,26663,14
11636,11638,26682,26686,4
11636,11638,26715,26717,2
11636,11638,26736,26737,1
11636,11638,26742,26744,2
11636,11638,26774,26775,1
11636,11638,26798,26801,3
11636,11638,26804,26814,10
11636,11638,26816,26821,5
11636,11638,26823,26828,5
11636,11638,26891,26939,48
11636,11638,26941,26997,56
11636,11638,27000,27003,3
11636,11638,27008,27013,5
11636,11638,27381,27391,10
11636,11638,27398,27399,1
11636,11638,27403,27426,23
11636,11638,27428,27429,1
11636,11638,27444,27482,38
11636,11638,27492,27539,47
11636,11638,27546,27750,204
11636,11638,27755,27765,10
11636,11638,27767,27792,25
11636,11638,27805,27810,5
11636,11638,27815,27816,1
11636,11638,27848,27868,20
11636,11638,27872,27944,72
11636,11638,28136,28139,3
11636,11638,28142,28299,157
11636,11638,28303,28304,1
11636,11638,28311,28319,8
11636,11638,28321,28322,1
11636,11638,28324,28345,21
11636,11638,28348,28367,19
11636,11638,28369,28378,9
11636,11638,28486,28505,19
11636,11638,28511,28513,2
11636,11638,28516,28528,12
11636,11638,28530,28553,23
11636,11638,28591,28642,51
11636,11638,28697,28746,49
11636,11638,28764,28766,2
11636,11639,3821,3822,1
11636,11639,3864,3865,1
11636,11639,3867,3891,24
11636,11639,3956,3967,11
11636,11639,12868,12873,5
11636,11639,12876,12883,7
11636,11639,12911,12936,25
11636,11639,12939,12949,10
11636,11639,12954,12956,2
11636,11639,12958,12991,33
11636,11639,12995,13004,9
11636,11639,13006,13039,33
11636,11639,13041,13042,1
11636,11639,13060,13062,2
11636,11639,13105,13110,5
11636,11639,13112,13151,39
11636,11639,13154,13158,4
11636,11639,13178,13185,7
11636,11639,13199,13214,15
11636,11639,13217,13220,3
11636,11639,13231,13235,4
11636,11639,13255,13256,1
11636,11639,13260,13276,16
11636,11639,13337,13348,11
11636,11639,13426,13427,1
11636,11639,13458,13460,2
11636,11639,13472,13475,3
11636,11639,13477,13495,18
11636,11639,13497,13567,70
11636,11639,13593,13594,1
11636,11639,13602,13612,10
11636,11639,13623,13626,3
11636,11639,20739,20741,2
11636,11639,20743,20747,4
11636,11639,20970,20974,4
11636,11639,20987,21007,20
11636,11639,21024,21028,4
11636,11639,21030,21136,106
11636,11639,21138,21141,3
11636,11639,21145,21244,99
11636,11639,21271,21275,4
11636,11639,21283,21445,162
11636,11639,21449,21530,81
11636,11639,21534,21538,4
11636,11639,21546,21564,18
11636,11639,21997,22016,19
11636,11639,23109,23111,2
11636,11639,23115,23116,1
11636,11639,23182,23184,2
11636,11639,23187,23189,2
11636,11639,25828,25850,22
11636,11639,25858,25880,22
11636,11639,25882,25883,1
11636,11639,25908,25922,14
11636,11639,25931,26015,84
11636,11639,26031,26035,4
11636,11639,26062,26138,76
11636,11639,26177,26194,17
11636,11639,26201,26208,7
11636,11639,26315,26317,2
11636,11639,26329,26330,1
11636,11639,26332,26335,3
11636,11639,26346,26350,4
11636,11639,26354,26357,3
11636,11639,26363,26374,11
11636,11639,27566,27631,65
11636,11639,27634,27655,21
11636,11639,27657,27659,2
11636,11639,27980,28001,21
11636,11639,28004,28355,351
11636,11639,28437,28439,2
11636,11639,28706,28707,1
11636,11639,28709,28719,10
11636,11640,0,34,34
11636,11640,38,60,22
11636,11640,64,91,27
11636,11640,93,150,57
11636,11640,583,625,42
11636,11640,627,628,1
11636,11640,630,631,1
11636,11640,633,636,3
11636,11640,737,738,1
11636,11640,741,745,4
11636,11640,1715,1717,2
11636,11640,1848,1852,4
11636,11640,1858,1859,1
11636,11640,1869,1891,22
11636,11640,1903,1906,3
11636,11640,2777,2912,135
11636,11640,2941,2942,1
11636,11640,3378,3382,4
11636,11640,3384,3385,1
11636,11640,3406,3408,2
11636,11640,3430,3431,1
11636,11640,3433,3437,4
11636,11640,3445,3447,2
11636,11640,3450,3451,1
11636,11640,3515,3661,146
11636,11640,3675,3721,46
11636,11640,3727,3728,1
11636,11640,3756,3758,2
11636,11640,3768,3774,6
11636,11640,3778,3779,1
11636,11640,3781,3855,74
11636,11640,3860,3956,96
11636,11640,4620,4623,3
11636,11640,6721,6722,1
11636,11640,6724,6745,21
11636,11640,6747,6748,1
11636,11640,6770,6819,49
11636,11640,6823,6832,9
11636,11640,7341,7343,2
11636,11640,7353,7356,3
11636,11640,7378,7379,1
11636,11640,7390,7391,1
11636,11640,7395,7438,43
11636,11640,7440,7446,6
11636,11640,7448,7465,17
11636,11640,7593,7594,1
11636,11640,7599,7675,76
11636,11640,7677,7709,32
11636,11640,8523,8532,9
11636,11640,8535,8544,9
11636,11640,8675,8725,50
11636,11640,10878,10901,23
11636,11640,12335,12336,1
11636,11640,12340,12341,1
11636,11640,12344,12362,18
11636,11640,12365,12389,24
11636,11640,12392,12406,14
11636,11640,12816,12853,37
11636,11640,12857,12858,1
11636,11640,12868,12905,37
11636,11640,12909,12910,1
11636,11640,12912,12924,12
11636,11640,12987,12993,6
11636,11640,12999,13001,2
11636,11640,13004,13011,7
11636,11640,13043,13051,8
11636,11640,13098,13101,3
11636,11640,13116,13117,1
11636,11640,13123,13124,1
11636,11640,13126,13156,30
11636,11640,13191,13196,5
11636,11640,13353,13378,25
11636,11640,13399,13401,2
11636,11640,17837,17840,3
11636,11640,17860,17876,16
11636,11640,17925,17933,8
11636,11640,18028,18036,8
11636,11640,18046,18051,5
11636,11640,18081,18088,7
11636,11640,18099,18104,5
11636,11640,18126,18131,5
11636,11640,18170,18182,12
11636,11640,18193,18196,3
11636,11640,18208,18210,2
11636,11640,18218,18219,1
11636,11640,18223,18224,1
11636,11640,18227,18233,6
11636,11640,18242,18260,18
11636,11640,18263,18270,7
11636,11640,18536,18559,23
11636,11640,18563,18577,14
11636,11640,18581,18640,59
11636,11640,18655,18659,4
11636,11640,18663,18666,3
11636,11640,18700,18704,4
11636,11640,18706,18707,1
11636,11640,18713,18717,4
11636,11640,19354,19355,1
11636,11640,19370,19371,1
11636,11640,19377,19397,20
11636,11640,19405,19409,4
11636,11640,19411,19414,3
11636,11640,20703,20706,3
11636,11640,22425,22486,61
11636,11640,22544,22556,12
11636,11640,25583,25616,33
11636,11640,25618,25641,23
11636,11640,25645,25654,9
11636,11640,25663,25677,14
11636,11640,25694,25697,3
11636,11640,25701,25707,6
11636,11640,25784,25785,1
11636,11640,25787,25993,206
11636,11640,26027,26029,2
11636,11640,26047,26048,1
11636,11640,26062,26065,3
11636,11640,26931,27016,85
11636,11640,27033,27036,3
11637,11638,2000,2005,5
11637,11638,2017,2148,131
11637,11638,2154,2169,15
11637,11638,2715,2739,24
11637,11638,2741,2750,9
11637,11638,2759,2760,1
11637,11638,2762,2922,160
11637,11638,2951,2959,8
11637,11638,2978,2980,2
11637,11638,2991,2992,1
11637,11638,3007,3008,1
11637,11638,3022,3169,147
11637,11638,3732,3733,1
11637,11638,3741,3742,1
11637,11638,3744,3767,23
11637,11638,4687,4694,7
11637,11638,4696,4763,67
11637,11638,4781,4805,24
11637,11638,4817,4820,3
11637,11638,4840,4856,16
11637,11638,4859,4860,1
11637,11638,4879,4880,1
11637,11638,4886,4907,21
11637,11638,4969,5016,47
11637,11638,5041,5045,4
11637,11638,5215,5221,6
11637,11638,5229,5268,39
11637,11638,5277,5353,76
11637,11638,5492,5517,25
11637,11638,5526,5556,30
11637,11638,5582,5584,2
11637,11638,5586,5607,21
11637,11638,5614,5617,3
11637,11638,5619,5622,3
11637,11638,5624,5646,22
11637,11638,5661,5738,77
11637,11638,5740,5747,7
11637,11638,5784,5802,18
11637,11638,5824,5831,7
11637,11638,5833,5854,21
11637,11638,5869,5923,54
11637,11638,5990,6046,56
11637,11638,6049,6054,5
11637,11638,6072,6105,33
11637,11638,6116,6122,6
11637,11638,6125,6126,1
11637,11638,6145,6220,75
11637,11638,7856,7861,5
11637,11638,7898,7900,2
11637,11638,8060,8071,11
11637,11638,8073,8080,7
11637,11638,8085,8086,1
11637,11638,8094,8097,3
11637,11638,8128,8141,13
11637,11638,8250,8251,1
11637,11638,8258,8259,1
11637,11638,8261,8272,11
11637,11638,8311,8321,10
11637,11638,8327,8476,149
11637,11638,8485,8600,115
11637,11638,8764,8769,5
11637,11638,8779,8953,174
11637,11638,8955,8959,4
11637,11638,8967,9049,82
11637,11638,9057,9097,40
11637,11639,36,39,3
11637,11639,41,43,2
11637,11639,46,52,6
11637,11639,61,62,1
11637,11639,155,288,133
11637,11639,290,291,1
11637,11639,294,295,1
11637,11639,306,320,14
11637,11639,322,323,1
11637,11639,340,343,3
11637,11639,345,406,61
11637,11639,410,412,2
11637,11639,435,437,2
11637,11639,442,638,196
11637,11639,641,644,3
11637,11639,661,664,3
11637,11639,691,693,2
11637,11639,736,747,11
11637,11639,803,807,4
11637,11639,829,832,3
11637,11639,1313,1318,5
11637,11639,1337,1338,1
11637,11639,1342,1344,2
11637,11639,1347,1358,11
11637,11639,1369,1370,1
11637,11639,1373,1376,3
11637,11639,3861,3868,7
11637,11639,6292,6293,1
11637,11639,6322,6331,9
11637,11639,6334,6336,2
11637,11639,6343,6352,9
11637,11639,6355,6376,21
11637,11639,6378,6382,4
11637,11639,6384,6385,1
11637,11639,6616,6618,2
11637,11639,6663,6669,6
11637,11639,6732,6741,9
11637,11639,7109,7117,8
11637,11639,7176,7178,2
11637,11639,7181,7182,1
11637,11639,7665,7724,59
11637,11639,7929,7933,4
11637,11639,8576,8580,4
11637,11639,8598,8602,4
11637,11639,8934,8937,3
11637,11639,8957,8960,3
11637,11639,8964,8965,1
11637,11639,8976,8980,4
11637,11639,8985,8986,1
11637,11639,9005,9006,1
11637,11639,9011,9012,1
11637,11639,9016,9037,21
11637,11639,9039,9042,3
11637,11639,9101,9106,5
11637,11639,9109,9144,35
11637,11639,9146,9352,206
11637,11639,9359,9360,1
11637,11639,9370,9388,18
11637,11639,13697,13699,2
11637,11639,13791,13793,2
11637,11639,13809,13891,82
11637,11639,13898,13906,8
11637,11639,13909,13919,10
11637,11639,13923,13929,6
11637,11639,13944,13968,24
11637,11639,13970,13983,13
11637,11639,13985,13991,6
11637,11639,13994,13996,2
11637,11639,14000,14012,12
11637,11639,14015,14024,9
11637,11639,14032,14048,16
11637,11639,14058,14061,3
11637,11639,14065,14081,16
11637,11639,14089,14092,3
11637,11639,14099,14100,1
11637,11639,14218,14231,13
11637,11639,14234,14236,2
11637,11639,14241,14247,6
11637,11639,14249,14263,14
11637,11639,14303,14304,1
11637,11639,14310,14311,1
11637,11639,14318,14357,39
11637,11639,14411,14423,12
11637,11639,14431,14437,6
11637,11639,14475,14484,9
11637,11639,14495,14513,18
11637,11639,14535,14573,38
11637,11639,14579,14580,1
11637,11639,14589,14636,47
11637,11639,14641,14659,18
11637,11639,14661,14662,1
11637,11639,14666,14667,1
11637,11639,14670,14680,10
11637,11639,14683,14694,11
11637,11639,14751,14752,1
11637,11639,14837,14897,60
11637,11639,14899,14903,4
11637,11639,14907,14910,3
11637,11639,15021,15025,4
11637,11639,15078,15079,1
11637,11639,15081,15112,31
11637,11639,16839,16843,4
11637,11639,16849,16868,19
11637,11639,16873,16899,26
11637,11639,16905,16913,8
11637,11639,16915,16953,38
11637,11639,16956,16960,4
11637,11639,17466,17468,2
11637,11639,17474,17475,1
11637,11639,17517,17521,4
11637,11639,17523,17524,1
11637,11639,17567,17568,1
11637,11639,17571,17576,5
11637,11639,17713,17714,1
11637,11639,17717,17724,7
11637,11639,17726,17732,6
11637,11639,17734,17739,5
11637,11639,17773,17798,25
11637,11639,17800,17811,11
11637,11639,17816,17855,39
11637,11639,17857,17865,8
11637,11639,17897,17898,1
11637,11639,17901,17904,3
11637,11639,18596,18614,18
11637,11639,18625,18631,6
11637,11639,18636,18694,58
11637,11639,18768,18776,8
11637,11639,18800,18802,2
11637,11639,18820,18869,49
11637,11639,18883,18990,107
11637,11639,19008,19033,25
11637,11639,19035,19036,1
11637,11639,19048,19049,1
11637,11639,19064,19077,13
11637,11639,19102,19109,7
11637,11639,19111,19116,5
11637,11639,19129,19135,6
11637,11639,25290,25292,2
11637,11639,25294,25296,2
11637,11639,25303,25368,65
11637,11639,25372,25379,7
11637,11639,25382,25399,17
11637,11639,25417,25418,1
11637,11639,25425,25436,11
11637,11639,25439,25440,1
11637,11639,25444,25490,46
11637,11640,2648,2768,120
11637,11640,3777,3787,10
11637,11640,3789,3791,2
11637,11640,3793,3852,59
11637,11640,3867,3870,3
11637,11640,3926,3927,1
11637,11640,3929,3933,4
11637,11640,3938,3939,1
11637,11640,9719,9728,9
11637,11640,9730,9731,1
11637,11640,10324,10327,3
11637,11640,10329,10330,1
11637,11640,10338,10363,25
11637,11640,10370,10374,4
11637,11640,10377,10379,2
11637,11640,10385,10389,4
11637,11640,10391,10396,5
11637,11640,10409,10461,52
11637,11640,10465,10499,34
11637,11640,10506,10511,5
11637,11640,10522,10523,1
11637,11640,10525,10527,2
11637,11640,10610,10632,22
11637,11640,10637,10640,3
11637,11640,11314,11332,18
11637,11640,11351,11392,41
11637,11640,13935,13936,1
11637,11640,13943,13944,1
11637,11640,14709,14710,1
11637,11640,14734,14774,40
11637,11640,14789,14790,1
11637,11640,15178,15179,1
11637,11640,15198,15330,132
11637,11640,15363,15364,1
11637,11640,15369,15400,31
11637,11640,15402,15404,2
11637,11640,15416,15418,2
11637,11640,15431,15436,5
11637,11640,15440,15454,14
11637,11640,15458,15546,88
11637,11640,15569,15577,8
11637,11640,15589,15590,1
11637,11640,15592,15593,1
11637,11640,15596,15597,1
11637,11640,15601,15602,1
11637,11640,15717,15755,38
11637,11640,15765,15773,8
11638,11639,8567,8648,81
11638,11639,8724,8726,2
11638,11639,8781,8790,9
11638,11639,8834,8835,1
11638,11639,8849,8853,4
11638,11639,8855,8857,2
11638,11639,8860,8862,2
11638,11639,8924,8937,13
11638,11639,8952,9014,62
11638,11639,9016,9067,51
11638,11639,9215,9226,11
11638,11639,9318,9321,3
11638,11639,9424,9429,5
11638,11639,9585,9716,131
11638,11639,9722,9724,2
11638,11639,9728,9774,46
11638,11639,9776,9778,2
11638,11639,9783,9786,3
11638,11639,9814,9844,30
11638,11639,9857,9864,7
11638,11639,9987,9992,5
11638,11639,17001,17005,4
11638,11639,17017,17019,2
11638,11639,17033,17043,10
11638,11639,17229,17260,31
11638,11639,17263,17309,46
11638,11639,17324,17334,10
11638,11639,20550,20551,1
11638,11639,20553,20620,67
11638,11639,20626,20636,10
11638,11639,20653,20702,49
11638,11639,20709,20712,3
11638,11639,20808,20812,4
11638,11639,21973,21974,1
11638,11639,21996,22017,21
11638,11639,22023,22024,1
11638,11639,22038,22051,13
11638,11639,22053,22057,4
11638,11639,22062,22063,1
11638,11639,22083,22098,15
11638,11639,22100,22104,4
11638,11639,24250,24251,1
11638,11639,24260,24277,17
11638,11639,24283,24308,25
11638,11639,24322,24323,1
11638,11639,24332,24359,27
11638,11639,24361,24364,3
11638,11639,24366,24379,13
11638,11639,24414,24422,8
11638,11639,24442,24470,28
11638,11639,24550,24567,17
11638,11639,24570,24571,1
11638,11639,24583,24584,1
11638,11639,24586,24587,1
11638,11639,24591,24645,54
11638,11639,24756,24794,38
11638,11639,24825,24828,3
11638,11639,24830,24836,6
11638,11639,24842,24848,6
11638,11639,24851,24852,1
11638,11639,24890,24897,7
11638,11639,24900,24972,72
11638,11639,24975,24987,12
11638,11639,25717,25740,23
11638,11639,25752,25757,5
11638,11639,25767,25779,12
11638,11639,25781,25786,5
11638,11639,25823,25829,6
11638,11639,25965,25982,17
11638,11639,25984,25987,3
11638,11639,26020,26025,5
11638,11639,26046,26048,2
11638,11639,26050,26061,11
11638,11639,26071,26094,23
11638,11639,26096,26097,1
11638,11639,26110,26288,178
11638,11639,26315,26321,6
11638,11639,26371,26373,2
11638,11639,26386,26393,7
11638,11639,27186,27190,4
11638,11639,27194,27226,32
11638,11639,27233,27303,70
11638,11639,27307,27399,92
11638,11639,27516,27517,1
11638,11639,27540,27668,128
11638,11639,28136,28139,3
11638,11639,28142,28144,2
11638,11639,28149,28151,2
11638,11639,28154,28158,4
11638,11639,28164,28218,54
11638,11639,28220,28387,167
11638,11639,28649,28650,1
11638,11639,28652,28655,3
11638,11639,28675,28712,37
11638,11639,28714,28715,1
11638,11639,28720,28742,22
11638,11640,692,740,48
11638,11640,751,959,208
11638,11640,961,973,12
11638,11640,1024,1050,26
11638,11640,1113,1118,5
11638,11640,1128,1131,3
11638,11640,1220,1226,6
11638,11640,1344,1350,6
11638,11640,1401,1402,1
11638,11640,1553,1571,18
11638,11640,1575,1577,2
11638,11640,1579,1581,2
11638,11640,1618,1619,1
11638,11640,1621,1622,1
11638,11640,1624,1643,19
11638,11640,1681,1703,22
11638,11640,1705,1719,14
11638,11640,2213,2214,1
11638,11640,2223,2228,5
11638,11640,2231,2293,62
11638,11640,2295,2314,19
11638,11640,2317,2434,117
11638,11640,2437,2438,1
11638,11640,2486,2517,31
11638,11640,2519,2574,55
11638,11640,2579,2643,64
11638,11640,2735,2737,2
11638,11640,7340,7341,1
11638,11640,7350,7351,1
11638,11640,10169,10182,13
11638,11640,10551,10555,4
11638,11640,11810,11811,1
11638,11640,11814,11817,3
11638,11640,11822,11823,1
11638,11640,11887,11891,4
11638,11640,11899,11928,29
11638,11640,11935,11948,13
11638,11640,12005,12006,1
11638,11640,12011,12025,14
11638,11640,12064,12083,19
11638,11640,12093,12105,12
11638,11640,12107,12142,35
11638,11640,12144,12146,2
11638,11640,12277,12306,29
11638,11640,12310,12312,2
11638,11640,12342,12345,3
11638,11640,16703,16904,201
11638,11640,16906,16938,32
11638,11640,16941,16952,11
11638,11640,16959,17018,59
11638,11640,17020,17022,2
11638,11640,17029,17031,2
11638,11640,19186,19282,96
11638,11640,19291,19292,1
11638,11640,19310,19311,1
11638,11640,19320,19329,9
11638,11640,19332,19333,1
11638,11640,19419,19425,6
11638,11640,19427,19441,14
11638,11640,19451,19455,4
11638,11640,19467,19613,146
11638,11640,19619,19622,3
11638,11640,19624,19625,1
11638,11640,19627,19629,2
11638,11640,19631,19644,13
11638,11640,22491,22492,1
11638,11640,22524,22544,20
11638,11640,22946,22950,4
11638,11640,23043,23044,1
11638,11640,23058,23096,38
11638,11640,23100,23101,1
11638,11640,23233,23234,1
11638,11640,23238,23239,1
11638,11640,23245,23252,7
11638,11640,23256,23259,3
11638,11640,23279,23313,34
11638,11640,23330,23331,1
11638,11640,23334,23365,31
11638,11640,23372,23445,73
11638,11640,23447,23449,2
11638,11640,23451,23454,3
11638,11640,23471,23514,43
11638,11640,23542,23558,16
11638,11640,23562,23566,4
11638,11640,23572,23643,71
11638,11640,23661,23726,65
11638,11640,23728,23732,4
11638,11640,23739,23807,68
11638,11640,23809,23870,61
11638,11640,23873,23874,1
11638,11640,23966,24025,59
11638,11640,24028,24030,2
11638,11640,24033,24041,8
11638,11640,24067,24073,6
11638,11640,24247,24317,70
11638,11640,24330,24366,36
11638,11640,24373,24377,4
11638,11640,24529,24549,20
11638,11640,24658,24661,3
11638,11640,24696,24716,20
11638,11640,24718,24720,2
11638,11640,24722,24727,5
11638,11640,24735,24736,1
11638,11640,24738,24741,3
11638,11640,24982,24984,2
11638,11640,24986,24987,1
11638,11640,24991,24999,8
11638,11640,25318,25431,113
11638,11640,25434,25435,1
11638,11640,25641,25648,7
11638,11640,25880,25882,2
11638,11640,25890,25903,13
11638,11640,25909,25919,10
11638,11640,26942,26957,15
11638,11640,26971,26973,2
11638,11640,26980,26994,14
11638,11640,27117,27118,1
11638,11640,27142,27149,7
11638,11640,27151,27185,34
11638,11640,27188,27196,8
11638,11640,27208,27294,86
11638,11640,27312,27315,3
11638,11640,27321,27328,7
11638,11640,28391,28392,1
11638,11640,28408,28420,12
11638,11640,28572,28597,25
11639,11640,3833,3896,63
11639,11640,3906,3909,3
11639,11640,12839,12841,2
11639,11640,12846,12851,5
11639,11640,12854,12856,2
11639,11640,12858,12862,4
11639,11640,12866,12868,2
11639,11640,15055,15087,32
11639,11640,15111,15125,14
11639,11640,15133,15160,27
11639,11640,15360,15361,1
11639,11640,15365,15370,5
11639,11640,16056,16057,1
11639,11640,16068,16069,1
11639,11640,16075,16076,1
11639,11640,16080,16097,17
11639,11640,16199,16256,57
11639,11640,16341,16345,4
11639,11640,16347,16349,2
11639,11640,16448,16454,6
11639,11640,16459,16472,13
11639,11640,16479,16507,28
11639,11640,17074,17080,6
11639,11640,17084,17090,6
11639,11640,17094,17096,2
11639,11640,17107,17111,4
11639,11640,17288,17292,4
11639,11640,22217,22219,2
11639,11640,22221,22366,145
11639,11640,23314,23316,2
11639,11640,23335,23344,9
11639,11640,23587,23590,3
11639,11640,23636,23640,4
11639,11640,23670,23672,2
11639,11640,24040,24041,1
11639,11640,24046,24049,3
11639,11640,24052,24062,10
11639,11640,24066,24086,20
11639,11640,24093,24101,8
11639,11640,24103,24104,1
11639,11640,24107,24115,8
11639,11640,24136,24137,1
11639,11640,24140,24145,5
11639,11640,24151,24154,3
11639,11640,24156,24325,169
11639,11640,24327,24359,32
11639,11640,24829,24910,81
11639,11640,25659,25661,2
11639,11640,25683,25687,4
11639,11640,25691,25692,1
11639,11640,25694,25695,1
11639,11640,25703,25780,77
11639,11640,25787,25790,3
11639,11640,25855,25872,17
11639,11640,25931,25932,1
11639,11640,25957,26002,45
11639,11640,26004,26008,4
11639,11640,26017,26018,1
11639,11640,26021,26043,22
11639,11640,27208,27212,4
11639,11640,27219,27221,2
11639,11640,27223,27225,2
11639,11640,27232,27244,12
11639,11640,27269,27275,6
11639,11640,27285,27295,10
11639,11640,27312,27315,3
