node_1,node_2,start_of_interaction,end_of_interaction,duration
1,2,1712,1722,10
1,2,1825,1843,18
1,2,1856,1902,46
1,2,1912,1916,4
1,2,2131,2133,2
1,2,2136,2149,13
1,2,2202,2209,7
1,2,3852,3854,2
1,2,4037,4042,5
1,2,4047,4052,5
1,2,4262,4296,34
1,2,6134,6160,26
1,2,6258,6260,2
1,2,6836,6888,52
1,2,6891,6896,5
1,2,10323,10326,3
1,2,10362,10364,2
1,2,10366,10375,9
1,2,10400,10421,21
1,2,10423,10465,42
1,2,10491,10534,43
1,2,10990,10993,3
1,2,10997,11020,23
1,2,11663,11693,30
1,2,11796,11814,18
1,2,11916,11937,21
1,2,12097,12108,11
1,2,12114,12120,6
1,2,12125,12165,40
1,2,12456,12463,7
1,2,12929,12960,31
1,2,13935,13946,11
1,2,14043,14074,31
1,2,14214,14216,2
1,2,14514,14538,24
1,2,14558,14596,38
1,2,16000,16013,13
1,2,16491,16504,13
1,2,18061,18088,27
1,2,18213,18252,39
1,2,18431,18432,1
1,2,18434,18444,10
1,2,18454,18458,4
1,2,18471,18477,6
1,2,18479,18525,46
1,2,21027,21031,4
1,2,22497,22522,25
1,2,22529,22546,17
1,2,23050,23085,35
1,2,23206,23224,18
1,2,23266,23289,23
1,2,23827,23881,54
1,2,24369,24395,26
1,2,24422,24428,6
1,2,24478,24482,4
1,2,25253,25267,14
1,2,26620,26641,21
1,2,26663,26665,2
1,2,27881,27886,5
1,2,28014,28028,14
1,3,1545,1549,4
1,3,2332,2351,19
1,3,8055,8082,27
1,3,8626,8655,29
1,3,9096,9103,7
1,3,9113,9127,14
1,3,9136,9139,3
1,3,9144,9184,40
1,3,9351,9354,3
1,3,9357,9399,42
1,3,9498,9534,36
1,3,9617,9636,19
1,3,9674,9690,16
1,3,10003,10005,2
1,3,10777,10782,5
1,3,10920,10927,7
1,3,10942,10943,1
1,3,10971,10975,4
1,3,11548,11567,19
1,3,11634,11647,13
1,3,12117,12130,13
1,3,12137,12148,11
1,3,12410,12423,13
1,3,12475,12494,19
1,3,12507,12508,1
1,3,12519,12559,40
1,3,12562,12569,7
1,3,12622,12641,19
1,3,13956,13959,3
1,3,13998,14016,18
1,3,14836,14840,4
1,3,15079,15087,8
1,3,15112,15129,17
1,3,15150,15190,40
1,3,15864,15879,15
1,3,16290,16320,30
1,3,16448,16451,3
1,3,16453,16488,35
1,3,17106,17112,6
1,3,17290,17299,9
1,3,17374,17391,17
1,3,17441,17465,24
1,3,17588,17604,16
1,3,17649,17666,17
1,3,17679,17680,1
1,3,17800,17805,5
1,3,17807,17809,2
1,3,17811,17823,12
1,3,17894,17918,24
1,3,18063,18099,36
1,3,18312,18324,12
1,3,18501,18509,8
1,3,18572,18594,22
1,3,18908,18975,67
1,3,19875,19880,5
1,3,20331,20348,17
1,3,20608,20673,65
1,3,22061,22079,18
1,3,22544,22570,26
1,3,23213,23240,27
1,3,23247,23251,4
1,3,23253,23288,35
1,3,23328,23338,10
1,3,24674,24711,37
1,3,24725,24730,5
1,3,24788,24813,25
1,3,24816,24817,1
1,3,25034,25044,10
1,3,25858,25879,21
1,3,26665,26675,10
1,3,27071,27082,11
1,3,27117,27123,6
1,3,27133,27137,4
1,4,1033,1068,35
1,4,1285,1291,6
1,4,1723,1726,3
1,4,1919,1944,25
1,4,2335,2346,11
1,4,2941,2963,22
1,4,2982,2985,3
1,4,2987,3003,16
1,4,3874,3891,17
1,4,4255,4259,4
1,4,4299,4331,32
1,4,6158,6166,8
1,4,6194,6225,31
1,4,6345,6364,19
1,4,8621,8648,27
1,4,8650,8691,41
1,4,8719,8735,16
1,4,8786,8794,8
1,4,10795,10826,31
1,4,10844,10859,15
1,4,10870,10880,10
1,4,11124,11146,22
1,4,11154,11160,6
1,4,11359,11380,21
1,4,11436,11462,26
1,4,11469,11481,12
1,4,11864,11873,9
1,4,11886,11891,5
1,4,11963,12005,42
1,4,13202,13210,8
1,4,13320,13325,5
1,4,13627,13644,17
1,4,15194,15213,19
1,4,15297,15312,15
1,4,15351,15356,5
1,4,15367,15406,39
1,4,15468,15470,2
1,4,15479,15485,6
1,4,15527,15549,22
1,4,15826,15830,4
1,4,15936,15937,1
1,4,17231,17232,1
1,4,17234,17240,6
1,4,18087,18109,22
1,4,18115,18118,3
1,4,18127,18128,1
1,4,18371,18378,7
1,4,18512,18525,13
1,4,19515,19527,12
1,4,19570,19579,9
1,4,19604,19620,16
1,4,19637,19640,3
1,4,20344,20350,6
1,4,20600,20615,15
1,4,20990,21007,17
1,4,22350,22355,5
1,4,24094,24112,18
1,4,25273,25281,8
1,4,25402,25421,19
1,4,25446,25449,3
1,4,25464,25477,13
1,4,25500,25526,26
1,4,25639,25643,4
1,4,25645,25646,1
1,4,25680,25696,16
1,4,26664,26673,9
1,4,26854,26859,5
1,4,26863,26867,4
1,4,26975,26992,17
1,4,27149,27187,38
1,4,27372,27420,48
1,4,28257,28261,4
1,5,50,51,1
1,5,53,72,19
1,5,106,116,10
1,5,177,206,29
1,5,211,233,22
1,5,422,451,29
1,5,460,477,17
1,5,498,537,39
1,5,1142,1143,1
1,5,1147,1163,16
1,5,1907,1911,4
1,5,1948,1971,23
1,5,1977,2021,44
1,5,2091,2105,14
1,5,2435,2442,7
1,5,2452,2521,69
1,5,2572,2627,55
1,5,2636,2648,12
1,5,2656,2673,17
1,5,2697,2713,16
1,5,2928,2933,5
1,5,2953,2967,14
1,5,4865,4897,32
1,5,5225,5236,11
1,5,5290,5311,21
1,5,5823,5922,99
1,5,6081,6127,46
1,5,6213,6220,7
1,5,6410,6422,12
1,5,6683,6685,2
1,5,6729,6773,44
1,5,7084,7107,23
1,5,7158,7165,7
1,5,7167,7170,3
1,5,7176,7197,21
1,5,7200,7201,1
1,5,7214,7225,11
1,5,7278,7302,24
1,5,7362,7369,7
1,5,7923,7926,3
1,5,7941,7945,4
1,5,8089,8097,8
1,5,8715,8732,17
1,5,8737,8747,10
1,5,8796,8797,1
1,5,8800,8817,17
1,5,8972,8974,2
1,5,9028,9030,2
1,5,10095,10127,32
1,5,10164,10180,16
1,5,10353,10366,13
1,5,10395,10406,11
1,5,10531,10548,17
1,5,12017,12030,13
1,5,12885,12900,15
1,5,12936,12940,4
1,5,12960,12970,10
1,5,13566,13573,7
1,5,14247,14253,6
1,5,14312,14344,32
1,5,14370,14380,10
1,5,14382,14396,14
1,5,14990,15006,16
1,5,15140,15150,10
1,5,15152,15154,2
1,5,15163,15172,9
1,5,15174,15176,2
1,5,15250,15286,36
1,5,15294,15314,20
1,5,15343,15383,40
1,5,15385,15449,64
1,5,15459,15471,12
1,5,15683,15689,6
1,5,15756,15757,1
1,5,15773,15795,22
1,5,15916,15928,12
1,5,15949,15973,24
1,5,16224,16247,23
1,5,16250,16251,1
1,5,16721,16725,4
1,5,16728,16759,31
1,5,16934,16961,27
1,5,16968,16973,5
1,5,17019,17021,2
1,5,17026,17032,6
1,5,17141,17151,10
1,5,17359,17388,29
1,5,17399,17400,1
1,5,18194,18199,5
1,5,18611,18633,22
1,5,18962,18964,2
1,5,18966,18967,1
1,5,18969,18970,1
1,5,18973,19010,37
1,5,19014,19060,46
1,5,19065,19067,2
1,5,20189,20191,2
1,5,20193,20194,1
1,5,20257,20269,12
1,5,20383,20402,19
1,5,20441,20455,14
1,5,20587,20603,16
1,5,20642,20658,16
1,5,20770,20777,7
1,5,20957,20971,14
1,5,21582,21600,18
1,5,24641,24652,11
1,5,24655,24657,2
1,5,24660,24663,3
1,5,24855,24905,50
1,5,25017,25046,29
1,5,26328,26347,19
1,5,26436,26443,7
1,5,27065,27083,18
1,6,89,108,19
1,6,219,222,3
1,6,1431,1446,15
1,6,2073,2085,12
1,6,2148,2159,11
1,6,3088,3104,16
1,6,3131,3153,22
1,6,4482,4483,1
1,6,4617,4618,1
1,6,4620,4650,30
1,6,4696,4718,22
1,6,5068,5124,56
1,6,5466,5492,26
1,6,5756,5804,48
1,6,5850,5861,11
1,6,7625,7632,7
1,6,7701,7719,18
1,6,7825,7832,7
1,6,8342,8397,55
1,6,8402,8418,16
1,6,8518,8520,2
1,6,8766,8788,22
1,6,9306,9308,2
1,6,11336,11346,10
1,6,11354,11357,3
1,6,12992,13010,18
1,6,13014,13025,11
1,6,13536,13546,10
1,6,13785,13791,6
1,6,13908,13911,3
1,6,13953,13972,19
1,6,15724,15749,25
1,6,16528,16545,17
1,6,17181,17182,1
1,6,17358,17388,30
1,6,17450,17454,4
1,6,17464,17473,9
1,6,17553,17554,1
1,6,17557,17571,14
1,6,17672,17683,11
1,6,17754,17780,26
1,6,18011,18024,13
1,6,18703,18713,10
1,6,19426,19475,49
1,6,19497,19498,1
1,6,19501,19591,90
1,6,19593,19594,1
1,6,19597,19611,14
1,6,19801,19810,9
1,6,19826,19828,2
1,6,20824,20840,16
1,6,20843,20848,5
1,6,20850,20859,9
1,6,22247,22249,2
1,6,22255,22278,23
1,6,22334,22336,2
1,6,22338,22351,13
1,6,23174,23198,24
1,6,23807,23832,25
1,6,23849,23881,32
1,6,23974,23997,23
1,6,23999,24001,2
1,6,24042,24044,2
1,6,24397,24401,4
1,6,24949,24957,8
1,6,25011,25022,11
1,6,25397,25414,17
1,6,25421,25432,11
1,6,26077,26088,11
1,6,26102,26132,30
1,6,26134,26137,3
1,6,26146,26209,63
1,7,1944,1973,29
1,7,2192,2213,21
1,7,2256,2258,2
1,7,2399,2412,13
1,7,2974,2996,22
1,7,3429,3493,64
1,7,4418,4468,50
1,7,4584,4597,13
1,7,5504,5505,1
1,7,5508,5510,2
1,7,5517,5529,12
1,7,6171,6201,30
1,7,6210,6223,13
1,7,7211,7243,32
1,7,7249,7269,20
1,7,7928,7968,40
1,7,10200,10226,26
1,7,11605,11645,40
1,7,11861,11868,7
1,7,12110,12122,12
1,7,12170,12179,9
1,7,12382,12388,6
1,7,14105,14112,7
1,7,14242,14252,10
1,7,14257,14264,7
1,7,14295,14316,21
1,7,14325,14331,6
1,7,14366,14377,11
1,7,14389,14397,8
1,7,14814,14818,4
1,7,14824,14846,22
1,7,15479,15533,54
1,7,15557,15580,23
1,7,16024,16044,20
1,7,16083,16096,13
1,7,16745,16761,16
1,7,16798,16806,8
1,7,17407,17438,31
1,7,17505,17508,3
1,7,18984,18999,15
1,7,19080,19089,9
1,7,19132,19137,5
1,7,19153,19161,8
1,7,19165,19168,3
1,7,22203,22205,2
1,7,22232,22274,42
1,7,22913,22916,3
1,7,23294,23314,20
1,7,23342,23350,8
1,7,23419,23478,59
1,7,23749,23750,1
1,7,24531,24550,19
1,7,24798,24831,33
1,7,24847,24861,14
1,7,24962,24976,14
1,7,25095,25098,3
1,7,26099,26119,20
1,7,26159,26195,36
1,7,26599,26618,19
1,7,26792,26833,41
1,7,26897,26912,15
1,7,27045,27049,4
1,7,27121,27149,28
1,7,27174,27182,8
1,7,27246,27258,12
1,7,27306,27326,20
1,7,27338,27349,11
1,7,27358,27359,1
1,7,27419,27433,14
1,8,467,473,6
1,8,1082,1105,23
1,8,2402,2415,13
1,8,2556,2575,19
1,8,2577,2596,19
1,8,2617,2629,12
1,8,2656,2683,27
1,8,2742,2754,12
1,8,3128,3131,3
1,8,3134,3214,80
1,8,3244,3263,19
1,8,3609,3642,33
1,8,3652,3677,25
1,8,3679,3696,17
1,8,3780,3781,1
1,8,3801,3804,3
1,8,4108,4132,24
1,8,4153,4167,14
1,8,4178,4226,48
1,8,4228,4229,1
1,8,4255,4276,21
1,8,6724,6735,11
1,8,7252,7253,1
1,8,7258,7260,2
1,8,8182,8190,8
1,8,8223,8235,12
1,8,9250,9257,7
1,8,9319,9325,6
1,8,9338,9375,37
1,8,10257,10273,16
1,8,10279,10283,4
1,8,10455,10465,10
1,8,10504,10532,28
1,8,11158,11166,8
1,8,11264,11279,15
1,8,11284,11302,18
1,8,12897,12945,48
1,8,13773,13821,48
1,8,13854,13896,42
1,8,13941,13950,9
1,8,14034,14037,3
1,8,14041,14059,18
1,8,14147,14151,4
1,8,14159,14185,26
1,8,18588,18599,11
1,8,19702,19720,18
1,8,21462,21469,7
1,8,21482,21498,16
1,8,23094,23117,23
1,8,23213,23222,9
1,8,23227,23228,1
1,8,23241,23267,26
1,8,23380,23389,9
1,8,23392,23397,5
1,8,23399,23422,23
1,8,23459,23490,31
1,8,23493,23505,12
1,8,23508,23512,4
1,8,23560,23603,43
1,8,23608,23616,8
1,8,24418,24420,2
1,8,24812,24823,11
1,8,24834,24853,19
1,8,24933,24943,10
1,8,25151,25171,20
1,8,25207,25222,15
1,8,25258,25264,6
1,8,25425,25459,34
1,8,25480,25482,2
1,8,25538,25547,9
1,8,26616,26618,2
1,8,26657,26669,12
1,8,26910,26942,32
1,8,27053,27070,17
1,8,27118,27119,1
1,8,27183,27204,21
1,8,27329,27338,9
1,8,27381,27390,9
1,8,27975,27984,9
1,8,28014,28022,8
1,8,28391,28413,22
1,8,28415,28430,15
1,8,28690,28700,10
1,9,1047,1057,10
1,9,1382,1413,31
1,9,1422,1447,25
1,9,1460,1510,50
1,9,1680,1681,1
1,9,2252,2260,8
1,9,2268,2299,31
1,9,2312,2327,15
1,9,3237,3269,32
1,9,3747,3779,32
1,9,3781,3792,11
1,9,4094,4111,17
1,9,4113,4117,4
1,9,4226,4264,38
1,9,4302,4324,22
1,9,5892,5913,21
1,9,5962,5996,34
1,9,6583,6595,12
1,9,7031,7036,5
1,9,7090,7105,15
1,9,7151,7170,19
1,9,7198,7199,1
1,9,7305,7308,3
1,9,7315,7319,4
1,9,7321,7323,2
1,9,7327,7330,3
1,9,7390,7396,6
1,9,7430,7445,15
1,9,8013,8023,10
1,9,8025,8033,8
1,9,8557,8592,35
1,9,8800,8818,18
1,9,9087,9147,60
1,9,9205,9230,25
1,9,9235,9236,1
1,9,9279,9312,33
1,9,9966,9968,2
1,9,9974,9982,8
1,9,10387,10391,4
1,9,10875,10887,12
1,9,11675,11697,22
1,9,11810,11827,17
1,9,12011,12040,29
1,9,12203,12222,19
1,9,12535,12545,10
1,9,12779,12793,14
1,9,16225,16246,21
1,9,16305,16320,15
1,9,18838,18855,17
1,9,19103,19109,6
1,9,21027,21063,36
1,9,21196,21209,13
1,9,21505,21519,14
1,9,21531,21532,1
1,9,22222,22235,13
1,9,22380,22397,17
1,9,23733,23786,53
1,9,23907,23933,26
1,9,24520,24539,19
1,9,25113,25125,12
1,9,25307,25322,15
1,9,25325,25330,5
1,9,25334,25336,2
1,9,25348,25351,3
1,9,25934,25940,6
1,9,25944,25945,1
1,9,25947,25968,21
1,9,25978,25984,6
1,9,25997,26016,19
1,9,26029,26045,16
1,9,26245,26268,23
1,9,26301,26323,22
1,9,26772,26783,11
1,9,26909,26950,41
1,9,27046,27059,13
1,9,27355,27363,8
1,9,27727,27731,4
1,10,96,115,19
1,10,197,217,20
1,10,1194,1214,20
1,10,1221,1225,4
1,10,1258,1273,15
1,10,1391,1404,13
1,10,1423,1453,30
1,10,1463,1464,1
1,10,1467,1470,3
1,10,1687,1699,12
1,10,3142,3181,39
1,10,3255,3267,12
1,10,3938,3940,2
1,10,4334,4380,46
1,10,5532,5544,12
1,10,5703,5740,37
1,10,5790,5833,43
1,10,6709,6713,4
1,10,6716,6718,2
1,10,6903,6918,15
1,10,7282,7296,14
1,10,7841,7852,11
1,10,7889,7899,10
1,10,7901,7904,3
1,10,8704,8749,45
1,10,8792,8796,4
1,10,9125,9141,16
1,10,9975,9978,3
1,10,10057,10073,16
1,10,10114,10138,24
1,10,10789,10807,18
1,10,11605,11637,32
1,10,11641,11659,18
1,10,12121,12128,7
1,10,12132,12166,34
1,10,12185,12237,52
1,10,12422,12470,48
1,10,12620,12638,18
1,10,12675,12684,9
1,10,12749,12764,15
1,10,14113,14162,49
1,10,14165,14181,16
1,10,14187,14188,1
1,10,14279,14308,29
1,10,14325,14327,2
1,10,14516,14524,8
1,10,14527,14530,3
1,10,14534,14544,10
1,10,14548,14565,17
1,10,14712,14738,26
1,10,14745,14795,50
1,10,14799,14807,8
1,10,15200,15205,5
1,10,15238,15259,21
1,10,15391,15405,14
1,10,15425,15429,4
1,10,15437,15486,49
1,10,15488,15490,2
1,10,15494,15554,60
1,10,15790,15800,10
1,10,16833,16845,12
1,10,17116,17170,54
1,10,17184,17255,71
1,10,17402,17410,8
1,10,17450,17453,3
1,10,17593,17598,5
1,10,17852,17887,35
1,10,17916,17919,3
1,10,17928,17930,2
1,10,17933,17938,5
1,10,20406,20415,9
1,10,20427,20438,11
1,10,20905,20911,6
1,10,20913,20924,11
1,10,20926,20936,10
1,10,20959,20992,33
1,10,21147,21191,44
1,10,21206,21220,14
1,10,23312,23316,4
1,10,25455,25456,1
1,10,25560,25572,12
1,10,25683,25700,17
1,10,25800,25807,7
1,10,25936,26032,96
1,10,26060,26061,1
1,10,26085,26086,1
1,10,27434,27435,1
1,10,27438,27439,1
1,10,27445,27446,1
1,10,27457,27458,1
1,10,27460,27470,10
1,10,27487,27489,2
1,10,27657,27703,46
1,10,27727,27734,7
1,10,27803,27810,7
1,11,220,236,16
1,11,628,629,1
1,11,641,644,3
1,11,713,735,22
1,11,963,972,9
1,11,2430,2442,12
1,11,2715,2732,17
1,11,2735,2736,1
1,11,3179,3233,54
1,11,4069,4077,8
1,11,4106,4127,21
1,11,4188,4193,5
1,11,4242,4261,19
1,11,7908,7921,13
1,11,8178,8193,15
1,11,8221,8241,20
1,11,8321,8349,28
1,11,8364,8373,9
1,11,8385,8401,16
1,11,8423,8434,11
1,11,8573,8590,17
1,11,8709,8747,38
1,11,8830,8831,1
1,11,11117,11124,7
1,11,12091,12107,16
1,11,13174,13177,3
1,11,13179,13183,4
1,11,13185,13208,23
1,11,13397,13405,8
1,11,14430,14449,19
1,11,14897,14915,18
1,11,16593,16611,18
1,11,16621,16629,8
1,11,16640,16682,42
1,11,16767,16781,14
1,11,16795,16844,49
1,11,17313,17329,16
1,11,17389,17400,11
1,11,19652,19686,34
1,11,19688,19734,46
1,11,19874,19881,7
1,11,20325,20330,5
1,11,20779,20795,16
1,11,20839,20868,29
1,11,20924,20934,10
1,11,20947,20957,10
1,11,21326,21335,9
1,11,24021,24066,45
1,11,24127,24138,11
1,11,24296,24300,4
1,11,24383,24392,9
1,11,24415,24433,18
1,11,26773,26790,17
1,11,26833,26852,19
1,11,26867,26873,6
1,11,27462,27472,10
1,11,28257,28267,10
1,12,29,34,5
1,12,1609,1618,9
1,12,2195,2234,39
1,12,2287,2289,2
1,12,2291,2292,1
1,12,2295,2296,1
1,12,2569,2656,87
1,12,2669,2684,15
1,12,2721,2747,26
1,12,3808,3822,14
1,12,3946,3963,17
1,12,4067,4087,20
1,12,4264,4289,25
1,12,4935,4985,50
1,12,4994,5049,55
1,12,5061,5063,2
1,12,6217,6228,11
1,12,6385,6426,41
1,12,6567,6608,41
1,12,6705,6739,34
1,12,6765,6773,8
1,12,7080,7090,10
1,12,7153,7164,11
1,12,7481,7499,18
1,12,8026,8073,47
1,12,9247,9254,7
1,12,9318,9333,15
1,12,9384,9416,32
1,12,10310,10315,5
1,12,10317,10325,8
1,12,10327,10367,40
1,12,10396,10410,14
1,12,10677,10693,16
1,12,10710,10742,32
1,12,10783,10784,1
1,12,12040,12067,27
1,12,12081,12109,28
1,12,12113,12135,22
1,12,12155,12174,19
1,12,12787,12790,3
1,12,12793,12807,14
1,12,12847,12876,29
1,12,12936,12940,4
1,12,12944,12945,1
1,12,13340,13368,28
1,12,13807,13863,56
1,12,13874,13884,10
1,12,14805,14815,10
1,12,15014,15016,2
1,12,15138,15146,8
1,12,15431,15447,16
1,12,16563,16568,5
1,12,16571,16574,3
1,12,16590,16595,5
1,12,16696,16724,28
1,12,16728,16766,38
1,12,18713,18743,30
1,12,18863,18883,20
1,12,18886,18887,1
1,12,19434,19467,33
1,12,19990,20000,10
1,12,22254,22272,18
1,12,22304,22318,14
1,12,23597,23612,15
1,12,23674,23699,25
1,12,24192,24206,14
1,12,24392,24394,2
1,12,24419,24448,29
1,12,24480,24482,2
1,12,28122,28136,14
2,3,1461,1473,12
2,3,1484,1485,1
2,3,1502,1515,13
2,3,1952,1988,36
2,3,2011,2045,34
2,3,2092,2098,6
2,3,2125,2155,30
2,3,2690,2699,9
2,3,3449,3462,13
2,3,3466,3477,11
2,3,3603,3617,14
2,3,3663,3675,12
2,3,3718,3735,17
2,3,4463,4478,15
2,3,4490,4496,6
2,3,4541,4548,7
2,3,4964,5023,59
2,3,5031,5052,21
2,3,5417,5453,36
2,3,7845,7858,13
2,3,8424,8455,31
2,3,8467,8479,12
2,3,8507,8523,16
2,3,8803,8833,30
2,3,10695,10706,11
2,3,10798,10799,1
2,3,12030,12040,10
2,3,12123,12142,19
2,3,12173,12187,14
2,3,12199,12228,29
2,3,12822,12833,11
2,3,13145,13160,15
2,3,13197,13200,3
2,3,13202,13225,23
2,3,13273,13314,41
2,3,13327,13333,6
2,3,13336,13347,11
2,3,13507,13528,21
2,3,13530,13531,1
2,3,13534,13537,3
2,3,13576,13578,2
2,3,13598,13611,13
2,3,15567,15574,7
2,3,15581,15596,15
2,3,16343,16351,8
2,3,16360,16389,29
2,3,18024,18051,27
2,3,18054,18078,24
2,3,18271,18288,17
2,3,18318,18335,17
2,3,18363,18373,10
2,3,18523,18543,20
2,3,19076,19103,27
2,3,19207,19225,18
2,3,19261,19275,14
2,3,19605,19606,1
2,3,19612,19620,8
2,3,19814,19856,42
2,3,19981,19999,18
2,3,20015,20030,15
2,3,20048,20070,22
2,3,21612,21617,5
2,3,22541,22549,8
2,3,22583,22615,32
2,3,22684,22693,9
2,3,23004,23029,25
2,3,23155,23210,55
2,3,23240,23267,27
2,3,23269,23285,16
2,3,23474,23487,13
2,3,23587,23599,12
2,3,23622,23630,8
2,3,23969,23986,17
2,3,24471,24473,2
2,3,24492,24534,42
2,3,25039,25044,5
2,3,25673,25725,52
2,3,25739,25755,16
2,3,26238,26260,22
2,3,26561,26563,2
2,3,26657,26669,12
2,3,26729,26752,23
2,3,26813,26822,9
2,3,26930,26947,17
2,3,27592,27619,27
2,3,27661,27668,7
2,3,27670,27671,1
2,4,85,135,50
2,4,204,224,20
2,4,226,227,1
2,4,264,265,1
2,4,276,305,29
2,4,313,345,32
2,4,1450,1470,20
2,4,1705,1714,9
2,4,1809,1812,3
2,4,1814,1826,12
2,4,2103,2105,2
2,4,2107,2113,6
2,4,2743,2758,15
2,4,3018,3050,32
2,4,3145,3165,20
2,4,3312,3326,14
2,4,3718,3721,3
2,4,3783,3801,18
2,4,3886,3898,12
2,4,3936,3965,29
2,4,3968,3969,1
2,4,3983,3991,8
2,4,4153,4167,14
2,4,4217,4232,15
2,4,4257,4267,10
2,4,4346,4355,9
2,4,4614,4626,12
2,4,4734,4740,6
2,4,4777,4837,60
2,4,5277,5279,2
2,4,5291,5298,7
2,4,5300,5343,43
2,4,5401,5432,31
2,4,5438,5439,1
2,4,7655,7706,51
2,4,8284,8336,52
2,4,8423,8451,28
2,4,8943,8965,22
2,4,9043,9059,16
2,4,9091,9099,8
2,4,9112,9129,17
2,4,9138,9187,49
2,4,9189,9191,2
2,4,9269,9285,16
2,4,9288,9313,25
2,4,9316,9385,69
2,4,9393,9402,9
2,4,9468,9487,19
2,4,9531,9575,44
2,4,9580,9581,1
2,4,9583,9600,17
2,4,9607,9663,56
2,4,9698,9721,23
2,4,10028,10042,14
2,4,10101,10105,4
2,4,10128,10133,5
2,4,10231,10237,6
2,4,10270,10290,20
2,4,12085,12088,3
2,4,14731,14759,28
2,4,14777,14802,25
2,4,14878,14890,12
2,4,14892,14902,10
2,4,14905,14908,3
2,4,14940,14947,7
2,4,15006,15012,6
2,4,15015,15025,10
2,4,15027,15028,1
2,4,15031,15035,4
2,4,16822,16863,41
2,4,16869,16873,4
2,4,16945,16974,29
2,4,16993,17018,25
2,4,17042,17043,1
2,4,17082,17101,19
2,4,17133,17150,17
2,4,17169,17187,18
2,4,17191,17229,38
2,4,18178,18183,5
2,4,18195,18202,7
2,4,18313,18353,40
2,4,18511,18544,33
2,4,18546,18580,34
2,4,18586,18590,4
2,4,18649,18660,11
2,4,18766,18769,3
2,4,18819,18833,14
2,4,19938,19943,5
2,4,20669,20679,10
2,4,21044,21085,41
2,4,21200,21214,14
2,4,21234,21272,38
2,4,21671,21726,55
2,4,21934,21946,12
2,4,25920,25940,20
2,4,25946,25953,7
2,4,26124,26135,11
2,4,26216,26242,26
2,4,26255,26257,2
2,4,26569,26574,5
2,4,26652,26655,3
2,4,26659,26677,18
2,5,0,38,38
2,5,591,607,16
2,5,1306,1310,4
2,5,1595,1653,58
2,5,1672,1688,16
2,5,2211,2241,30
2,5,2255,2310,55
2,5,3100,3159,59
2,5,3463,3506,43
2,5,3669,3688,19
2,5,4315,4338,23
2,5,5413,5426,13
2,5,6661,6666,5
2,5,7710,7741,31
2,5,7787,7805,18
2,5,8004,8005,1
2,5,10337,10347,10
2,5,10391,10400,9
2,5,10580,10614,34
2,5,10618,10632,14
2,5,10634,10635,1
2,5,10641,10642,1
2,5,11590,11608,18
2,5,12082,12105,23
2,5,12277,12280,3
2,5,12287,12301,14
2,5,12615,12678,63
2,5,12707,12708,1
2,5,12711,12715,4
2,5,12901,12937,36
2,5,13013,13025,12
2,5,13163,13177,14
2,5,13185,13192,7
2,5,13195,13204,9
2,5,13647,13664,17
2,5,15050,15075,25
2,5,16000,16036,36
2,5,17483,17503,20
2,5,17508,17579,71
2,5,17582,17592,10
2,5,17978,17981,3
2,5,18117,18138,21
2,5,18200,18208,8
2,5,18776,18778,2
2,5,19121,19128,7
2,5,19977,19979,2
2,5,20010,20014,4
2,5,20417,20431,14
2,5,20472,20510,38
2,5,21984,21993,9
2,5,22188,22190,2
2,5,22200,22206,6
2,5,22765,22782,17
2,5,23698,23703,5
2,5,23719,23746,27
2,5,25039,25108,69
2,5,25358,25373,15
2,5,27487,27491,4
2,5,28185,28192,7
2,5,28377,28423,46
2,5,28447,28469,22
2,5,28474,28478,4
2,6,429,430,1
2,6,433,436,3
2,6,438,446,8
2,6,448,449,1
2,6,455,457,2
2,6,1476,1496,20
2,6,2039,2072,33
2,6,2111,2116,5
2,6,2794,2828,34
2,6,5439,5450,11
2,6,5942,5972,30
2,6,5982,5983,1
2,6,6032,6056,24
2,6,6067,6091,24
2,6,6570,6606,36
2,6,6610,6661,51
2,6,6682,6707,25
2,6,6731,6736,5
2,6,6773,6789,16
2,6,6795,6796,1
2,6,6798,6812,14
2,6,7278,7309,31
2,6,9573,9579,6
2,6,11501,11521,20
2,6,12562,12565,3
2,6,12567,12598,31
2,6,13023,13041,18
2,6,13133,13138,5
2,6,13508,13541,33
2,6,14267,14271,4
2,6,14623,14625,2
2,6,14628,14629,1
2,6,15813,15866,53
2,6,15868,15891,23
2,6,15920,15948,28
2,6,15957,15968,11
2,6,17256,17257,1
2,6,18141,18159,18
2,6,18446,18461,15
2,6,18541,18564,23
2,6,18566,18584,18
2,6,18851,18881,30
2,6,18883,18890,7
2,6,18915,18919,4
2,6,18978,19020,42
2,6,19150,19152,2
2,6,19856,19868,12
2,6,19888,19952,64
2,6,20009,20014,5
2,6,20040,20056,16
2,6,21373,21419,46
2,6,21651,21675,24
2,6,21856,21871,15
2,6,22032,22045,13
2,6,23257,23262,5
2,6,23297,23300,3
2,6,23647,23651,4
2,6,23662,23663,1
2,6,23779,23815,36
2,6,23840,23903,63
2,6,23921,23922,1
2,6,23933,23959,26
2,6,24352,24369,17
2,6,24549,24564,15
2,6,24672,24673,1
2,6,24696,24699,3
2,6,27070,27086,16
2,6,27478,27520,42
2,7,229,235,6
2,7,263,317,54
2,7,441,457,16
2,7,1210,1217,7
2,7,1224,1256,32
2,7,1287,1340,53
2,7,1380,1395,15
2,7,1691,1708,17
2,7,1808,1822,14
2,7,2179,2184,5
2,7,2655,2661,6
2,7,2692,2697,5
2,7,2700,2706,6
2,7,2904,2912,8
2,7,2917,2956,39
2,7,4220,4238,18
2,7,4253,4268,15
2,7,5365,5386,21
2,7,5452,5465,13
2,7,5491,5505,14
2,7,5820,5826,6
2,7,5828,5829,1
2,7,6571,6580,9
2,7,7726,7772,46
2,7,8057,8098,41
2,7,8415,8439,24
2,7,8468,8486,18
2,7,8527,8561,34
2,7,9184,9209,25
2,7,9245,9260,15
2,7,9985,10026,41
2,7,10758,10760,2
2,7,11731,11738,7
2,7,12116,12132,16
2,7,12815,12817,2
2,7,13498,13511,13
2,7,13601,13602,1
2,7,13689,13695,6
2,7,13709,13710,1
2,7,14111,14157,46
2,7,14175,14181,6
2,7,14190,14223,33
2,7,14437,14460,23
2,7,15111,15127,16
2,7,15291,15314,23
2,7,15334,15355,21
2,7,16333,16336,3
2,7,16448,16451,3
2,7,16504,16527,23
2,7,17050,17053,3
2,7,19301,19304,3
2,7,19306,19324,18
2,7,21122,21133,11
2,7,21153,21162,9
2,7,21830,21848,18
2,7,22747,22762,15
2,7,25099,25100,1
2,7,25286,25314,28
2,7,25319,25324,5
2,7,25844,25876,32
2,7,26534,26552,18
2,7,28003,28016,13
2,7,28026,28042,16
2,7,28212,28228,16
2,7,28444,28460,16
2,7,28563,28604,41
2,8,1349,1375,26
2,8,2058,2075,17
2,8,2919,2922,3
2,8,4253,4276,23
2,8,4338,4340,2
2,8,4367,4374,7
2,8,4953,4962,9
2,8,5115,5122,7
2,8,5156,5174,18
2,8,5367,5388,21
2,8,5523,5525,2
2,8,5528,5529,1
2,8,5531,5557,26
2,8,5644,5662,18
2,8,6045,6052,7
2,8,7910,7938,28
2,8,8497,8516,19
2,8,8524,8539,15
2,8,9406,9416,10
2,8,9423,9441,18
2,8,9449,9459,10
2,8,9462,9481,19
2,8,9985,10008,23
2,8,10457,10494,37
2,8,10497,10511,14
2,8,10558,10561,3
2,8,10573,10622,49
2,8,11397,11409,12
2,8,11465,11486,21
2,8,11632,11642,10
2,8,12929,12945,16
2,8,13387,13395,8
2,8,13497,13509,12
2,8,13909,13936,27
2,8,13940,13948,8
2,8,13959,14024,65
2,8,14199,14214,15
2,8,14368,14394,26
2,8,15446,15449,3
2,8,15451,15482,31
2,8,15569,15624,55
2,8,16102,16144,42
2,8,16153,16154,1
2,8,16863,16910,47
2,8,17016,17030,14
2,8,18381,18396,15
2,8,21406,21413,7
2,8,21537,21550,13
2,8,21567,21595,28
2,8,21798,21804,6
2,8,21928,21963,35
2,8,22919,22928,9
2,8,22938,22940,2
2,8,22953,22954,1
2,8,22956,22965,9
2,8,23007,23049,42
2,8,23158,23248,90
2,8,23771,23781,10
2,8,23802,23817,15
2,8,23824,23826,2
2,8,26089,26094,5
2,8,26239,26273,34
2,8,26278,26286,8
2,8,26308,26316,8
2,8,26541,26620,79
2,8,26644,26664,20
2,8,27018,27043,25
2,8,28019,28022,3
2,8,28029,28032,3
2,8,28295,28306,11
2,8,28552,28599,47
2,8,28730,28731,1
2,9,2,16,14
2,9,59,72,13
2,9,366,370,4
2,9,408,436,28
2,9,4341,4351,10
2,9,4782,4798,16
2,9,4814,4837,23
2,9,4839,4851,12
2,9,4853,4856,3
2,9,4861,4880,19
2,9,4894,4899,5
2,9,5049,5052,3
2,9,5639,5660,21
2,9,6025,6045,20
2,9,6405,6440,35
2,9,6447,6450,3
2,9,7708,7722,14
2,9,8045,8047,2
2,9,8069,8101,32
2,9,8195,8198,3
2,9,8202,8203,1
2,9,8208,8221,13
2,9,8896,8905,9
2,9,10754,10762,8
2,9,10767,10777,10
2,9,11612,11640,28
2,9,11673,11688,15
2,9,11858,11859,1
2,9,12837,12844,7
2,9,13495,13496,1
2,9,13532,13545,13
2,9,14396,14399,3
2,9,14402,14403,1
2,9,14421,14455,34
2,9,15354,15355,1
2,9,15585,15603,18
2,9,19189,19204,15
2,9,20904,20956,52
2,9,21341,21364,23
2,9,21672,21679,7
2,9,21687,21698,11
2,9,21771,21772,1
2,9,21774,21777,3
2,9,21779,21781,2
2,9,23885,23898,13
2,9,23941,23979,38
2,9,24161,24171,10
2,9,24183,24188,5
2,9,25138,25152,14
2,9,25167,25171,4
2,9,26540,26549,9
2,9,28295,28328,33
2,10,947,985,38
2,10,1502,1527,25
2,10,1758,1760,2
2,10,2237,2260,23
2,10,2822,2823,1
2,10,2830,2842,12
2,10,3794,3817,23
2,10,3966,3984,18
2,10,4671,4677,6
2,10,4694,4700,6
2,10,4732,4793,61
2,10,4816,4840,24
2,10,4843,4848,5
2,10,4871,4889,18
2,10,5362,5386,24
2,10,6423,6472,49
2,10,6489,6495,6
2,10,6504,6520,16
2,10,6524,6528,4
2,10,6564,6594,30
2,10,6615,6637,22
2,10,6646,6689,43
2,10,6972,6992,20
2,10,7028,7029,1
2,10,7033,7040,7
2,10,7083,7106,23
2,10,7129,7157,28
2,10,7552,7606,54
2,10,7643,7661,18
2,10,8088,8100,12
2,10,8126,8139,13
2,10,8187,8192,5
2,10,8198,8232,34
2,10,10870,10879,9
2,10,12144,12182,38
2,10,12458,12459,1
2,10,14389,14390,1
2,10,14497,14527,30
2,10,15945,15951,6
2,10,16164,16168,4
2,10,16186,16193,7
2,10,16642,16691,49
2,10,16751,16753,2
2,10,18783,18839,56
2,10,19185,19202,17
2,10,19487,19498,11
2,10,19585,19593,8
2,10,20062,20075,13
2,10,21430,21445,15
2,10,21448,21471,23
2,10,21657,21663,6
2,10,22174,22191,17
2,10,22225,22238,13
2,10,23477,23536,59
2,10,23759,23760,1
2,10,24757,24781,24
2,10,24787,24813,26
2,10,24832,24904,72
2,10,24906,24909,3
2,10,24941,24991,50
2,10,27728,27735,7
2,11,11,31,20
2,11,1116,1120,4
2,11,1259,1289,30
2,11,1447,1459,12
2,11,2203,2214,11
2,11,2557,2575,18
2,11,3048,3062,14
2,11,4130,4137,7
2,11,4211,4225,14
2,11,4311,4312,1
2,11,4317,4319,2
2,11,4579,4597,18
2,11,4649,4690,41
2,11,4857,4862,5
2,11,5336,5348,12
2,11,5673,5703,30
2,11,5751,5773,22
2,11,5782,5786,4
2,11,5870,5871,1
2,11,5873,5930,57
2,11,5969,5973,4
2,11,6039,6057,18
2,11,6398,6401,3
2,11,6405,6425,20
2,11,6586,6618,32
2,11,6634,6647,13
2,11,7463,7495,32
2,11,7528,7580,52
2,11,7990,8000,10
2,11,8932,8964,32
2,11,9032,9051,19
2,11,9088,9101,13
2,11,9120,9121,1
2,11,9124,9151,27
2,11,9212,9232,20
2,11,9488,9521,33
2,11,9526,9527,1
2,11,9768,9824,56
2,11,9832,9843,11
2,11,9854,9896,42
2,11,10642,10646,4
2,11,10948,10949,1
2,11,12601,12617,16
2,11,12712,12727,15
2,11,12741,12759,18
2,11,14229,14250,21
2,11,14252,14253,1
2,11,14255,14298,43
2,11,14301,14316,15
2,11,14646,14657,11
2,11,14966,14972,6
2,11,15297,15300,3
2,11,17602,17643,41
2,11,17694,17714,20
2,11,17716,17724,8
2,11,17752,17757,5
2,11,17770,17773,3
2,11,17776,17782,6
2,11,17913,17965,52
2,11,19035,19056,21
2,11,20274,20291,17
2,11,20453,20494,41
2,11,20503,20524,21
2,11,20600,20616,16
2,11,20621,20622,1
2,11,20625,20642,17
2,11,20645,20699,54
2,11,21611,21619,8
2,11,21628,21629,1
2,11,21740,21767,27
2,11,21928,21999,71
2,11,22002,22004,2
2,11,22211,22223,12
2,11,22243,22244,1
2,11,24267,24282,15
2,11,24380,24475,95
2,11,24496,24511,15
2,11,24847,24897,50
2,11,24902,24905,3
2,11,24907,24914,7
2,11,24927,24956,29
2,11,26076,26086,10
2,11,26088,26089,1
2,11,26163,26166,3
2,11,26220,26250,30
2,11,26261,26273,12
2,11,26540,26560,20
2,11,26998,27012,14
2,11,27257,27287,30
2,11,27350,27381,31
2,11,27408,27436,28
2,11,27580,27583,3
2,11,28474,28530,56
2,11,28569,28571,2
2,11,28622,28629,7
2,11,28674,28698,24
2,11,28720,28750,30
2,12,31,66,35
2,12,523,558,35
2,12,561,563,2
2,12,567,572,5
2,12,577,584,7
2,12,1304,1322,18
2,12,2164,2211,47
2,12,2843,2877,34
2,12,2886,2888,2
2,12,3401,3462,61
2,12,3619,3631,12
2,12,3662,3672,10
2,12,3740,3756,16
2,12,4109,4117,8
2,12,4130,4134,4
2,12,4160,4174,14
2,12,4186,4197,11
2,12,4230,4248,18
2,12,4253,4287,34
2,12,4344,4364,20
2,12,4373,4374,1
2,12,4388,4420,32
2,12,4532,4560,28
2,12,4562,4563,1
2,12,4572,4606,34
2,12,4657,4670,13
2,12,5507,5541,34
2,12,5584,5598,14
2,12,5612,5646,34
2,12,5675,5705,30
2,12,5718,5719,1
2,12,6644,6657,13
2,12,7289,7292,3
2,12,7315,7316,1
2,12,7340,7367,27
2,12,7685,7697,12
2,12,7744,7762,18
2,12,7809,7812,3
2,12,7844,7862,18
2,12,8421,8430,9
2,12,8468,8477,9
2,12,8509,8512,3
2,12,9435,9465,30
2,12,9534,9556,22
2,12,9658,9659,1
2,12,9668,9690,22
2,12,9713,9716,3
2,12,9718,9742,24
2,12,9843,9858,15
2,12,10022,10024,2
2,12,10028,10059,31
2,12,10099,10129,30
2,12,10271,10294,23
2,12,10381,10409,28
2,12,10542,10570,28
2,12,10801,10813,12
2,12,10899,10906,7
2,12,11587,11590,3
2,12,11606,11638,32
2,12,12078,12143,65
2,12,12195,12218,23
2,12,12400,12415,15
2,12,12931,12932,1
2,12,12936,12937,1
2,12,13581,13598,17
2,12,13759,13772,13
2,12,14607,14636,29
2,12,14663,14666,3
2,12,14699,14711,12
2,12,15501,15540,39
2,12,15544,15546,2
2,12,15564,15585,21
2,12,17209,17235,26
2,12,17287,17301,14
2,12,17406,17421,15
2,12,17438,17453,15
2,12,17466,17467,1
2,12,17674,17679,5
2,12,17681,17703,22
2,12,17790,17791,1
2,12,17811,17881,70
2,12,17890,17897,7
2,12,19199,19216,17
2,12,19280,19290,10
2,12,19551,19562,11
2,12,19594,19597,3
2,12,19599,19628,29
2,12,19637,19641,4
2,12,19725,19739,14
2,12,19753,19763,10
2,12,19774,19800,26
2,12,21281,21315,34
2,12,21677,21686,9
2,12,22711,22742,31
2,12,22747,22763,16
2,12,23980,23997,17
2,12,24004,24019,15
2,12,24035,24073,38
2,12,24110,24132,22
2,12,24277,24286,9
2,12,24392,24398,6
2,12,24407,24430,23
2,12,25374,25381,7
2,12,25635,25638,3
2,12,25644,25647,3
2,12,25649,25657,8
2,12,25673,25736,63
2,12,25837,25841,4
2,12,26531,26562,31
2,12,26586,26591,5
2,12,27292,27360,68
2,12,28569,28607,38
3,4,390,404,14
3,4,467,469,2
3,4,476,550,74
3,4,584,636,52
3,4,868,897,29
3,4,1459,1464,5
3,4,2084,2090,6
3,4,2324,2344,20
3,4,3699,3725,26
3,4,4581,4588,7
3,4,4590,4606,16
3,4,4860,4901,41
3,4,5173,5186,13
3,4,5394,5432,38
3,4,6634,6710,76
3,4,7048,7064,16
3,4,7162,7179,17
3,4,7198,7208,10
3,4,7780,7792,12
3,4,8429,8434,5
3,4,8437,8466,29
3,4,8549,8552,3
3,4,8628,8644,16
3,4,8890,8898,8
3,4,10494,10501,7
3,4,12853,12862,9
3,4,12934,12971,37
3,4,14495,14510,15
3,4,14525,14537,12
3,4,15372,15377,5
3,4,15440,15449,9
3,4,16238,16249,11
3,4,17968,17990,22
3,4,18106,18121,15
3,4,18213,18268,55
3,4,18322,18334,12
3,4,18527,18550,23
3,4,20338,20348,10
3,4,20703,20712,9
3,4,20714,20730,16
3,4,20778,20788,10
3,4,20954,20965,11
3,4,20969,20978,9
3,4,21431,21446,15
3,4,24904,24913,9
3,4,25171,25231,60
3,4,25502,25518,16
3,4,25783,25823,40
3,4,26006,26008,2
3,4,26160,26161,1
3,4,26167,26170,3
3,4,26187,26198,11
3,4,26231,26242,11
3,4,26257,26259,2
3,4,26371,26388,17
3,4,26527,26536,9
3,4,26540,26547,7
3,4,26571,26595,24
3,4,26629,26634,5
3,4,26643,26674,31
3,4,27160,27162,2
3,4,27558,27568,10
3,4,27717,27747,30
3,4,27824,27828,4
3,4,27831,27851,20
3,4,28351,28405,54
3,4,28489,28534,45
3,5,322,330,8
3,5,2186,2193,7
3,5,2749,2807,58
3,5,3469,3480,11
3,5,3587,3599,12
3,5,3651,3673,22
3,5,3759,3766,7
3,5,3936,3940,4
3,5,4502,4505,3
3,5,4608,4619,11
3,5,5413,5424,11
3,5,5498,5510,12
3,5,5979,5998,19
3,5,6007,6012,5
3,5,6366,6387,21
3,5,6452,6467,15
3,5,6486,6506,20
3,5,8870,8944,74
3,5,11038,11039,1
3,5,11192,11218,26
3,5,11232,11285,53
3,5,11470,11476,6
3,5,13160,13161,1
3,5,13257,13258,1
3,5,13627,13654,27
3,5,14519,14529,10
3,5,15159,15181,22
3,5,16876,16895,19
3,5,17046,17061,15
3,5,17065,17106,41
3,5,17131,17142,11
3,5,17223,17242,19
3,5,17253,17289,36
3,5,17309,17313,4
3,5,17379,17398,19
3,5,18219,18229,10
3,5,18242,18260,18
3,5,18641,18652,11
3,5,18708,18713,5
3,5,18719,18744,25
3,5,18823,18833,10
3,5,19166,19193,27
3,5,19701,19707,6
3,5,19768,19770,2
3,5,19997,20016,19
3,5,20031,20041,10
3,5,20199,20217,18
3,5,20284,20303,19
3,5,20343,20351,8
3,5,20608,20609,1
3,5,20633,20658,25
3,5,25028,25045,17
3,5,26999,27018,19
3,5,27064,27076,12
3,5,27440,27463,23
3,5,27474,27503,29
3,6,319,323,4
3,6,732,778,46
3,6,917,938,21
3,6,1470,1492,22
3,6,1494,1496,2
3,6,1506,1512,6
3,6,2090,2111,21
3,6,2220,2225,5
3,6,2246,2252,6
3,6,2337,2347,10
3,6,2361,2420,59
3,6,2467,2479,12
3,6,2590,2616,26
3,6,2620,2660,40
3,6,3862,3865,3
3,6,3944,3952,8
3,6,3985,4001,16
3,6,4185,4200,15
3,6,5444,5462,18
3,6,5610,5624,14
3,6,5677,5690,13
3,6,5719,5749,30
3,6,6055,6062,7
3,6,6191,6202,11
3,6,6204,6207,3
3,6,6264,6267,3
3,6,8727,8737,10
3,6,8850,8878,28
3,6,9024,9036,12
3,6,9786,9793,7
3,6,10493,10500,7
3,6,11021,11046,25
3,6,11874,11893,19
3,6,11910,11914,4
3,6,12235,12241,6
3,6,13502,13540,38
3,6,13653,13666,13
3,6,13833,13847,14
3,6,13946,13958,12
3,6,14068,14105,37
3,6,14127,14194,67
3,6,14197,14206,9
3,6,14224,14235,11
3,6,14996,15027,31
3,6,15089,15099,10
3,6,16041,16071,30
3,6,16926,16938,12
3,6,16975,17050,75
3,6,17127,17132,5
3,6,17196,17227,31
3,6,17236,17245,9
3,6,17376,17386,10
3,6,17425,17435,10
3,6,17531,17540,9
3,6,17779,17805,26
3,6,18633,18680,47
3,6,19108,19131,23
3,6,20001,20014,13
3,6,20026,20048,22
3,6,20064,20067,3
3,6,20442,20467,25
3,6,20779,20824,45
3,6,20879,20893,14
3,6,21558,21580,22
3,6,23070,23085,15
3,6,23107,23123,16
3,6,23298,23315,17
3,6,23387,23405,18
3,6,23691,23697,6
3,6,24238,24260,22
3,6,24381,24395,14
3,6,24568,24575,7
3,6,24580,24581,1
3,6,24585,24609,24
3,6,24625,24629,4
3,6,24631,24633,2
3,6,27368,27393,25
3,6,27410,27432,22
3,6,27467,27468,1
3,6,28073,28084,11
3,6,28092,28118,26
3,6,28143,28151,8
3,6,28153,28158,5
3,6,28191,28199,8
3,6,28238,28243,5
3,6,28302,28321,19
3,6,28425,28426,1
3,7,559,583,24
3,7,585,588,3
3,7,593,597,4
3,7,605,620,15
3,7,1133,1148,15
3,7,2607,2637,30
3,7,2674,2691,17
3,7,2721,2753,32
3,7,2759,2767,8
3,7,2814,2871,57
3,7,3882,3891,9
3,7,3919,3935,16
3,7,3938,3940,2
3,7,3973,3992,19
3,7,4646,4663,17
3,7,4672,4675,3
3,7,4815,4819,4
3,7,4841,4847,6
3,7,4849,4862,13
3,7,4885,4917,32
3,7,5305,5322,17
3,7,5418,5428,10
3,7,5668,5727,59
3,7,5984,5995,11
3,7,6324,6343,19
3,7,7085,7106,21
3,7,7118,7143,25
3,7,7415,7420,5
3,7,7425,7456,31
3,7,8188,8189,1
3,7,8195,8228,33
3,7,8234,8252,18
3,7,8410,8421,11
3,7,8475,8484,9
3,7,9472,9482,10
3,7,9484,9489,5
3,7,9795,9799,4
3,7,9832,9848,16
3,7,10375,10382,7
3,7,10695,10706,11
3,7,10709,10719,10
3,7,10722,10735,13
3,7,11335,11358,23
3,7,11466,11468,2
3,7,11470,11476,6
3,7,11637,11660,23
3,7,11785,11818,33
3,7,11943,11955,12
3,7,12101,12111,10
3,7,12120,12133,13
3,7,12720,12733,13
3,7,13413,13424,11
3,7,13539,13609,70
3,7,13648,13657,9
3,7,13847,13858,11
3,7,13930,13943,13
3,7,14039,14051,12
3,7,15814,15836,22
3,7,15884,15894,10
3,7,16193,16197,4
3,7,16882,16896,14
3,7,19311,19321,10
3,7,19847,19856,9
3,7,19858,19872,14
3,7,19887,19908,21
3,7,19973,19975,2
3,7,20277,20279,2
3,7,20283,20285,2
3,7,20420,20455,35
3,7,21627,21711,84
3,7,21720,21725,5
3,7,21754,21760,6
3,7,24248,24267,19
3,7,24340,24359,19
3,7,24412,24429,17
3,7,24762,24777,15
3,7,24779,24781,2
3,7,24786,24787,1
3,7,24789,24809,20
3,7,25455,25462,7
3,7,25475,25488,13
3,7,25943,25966,23
3,7,26505,26520,15
3,7,27112,27126,14
3,7,27512,27515,3
3,8,111,136,25
3,8,148,153,5
3,8,298,313,15
3,8,328,343,15
3,8,391,401,10
3,8,432,459,27
3,8,510,526,16
3,8,533,557,24
3,8,576,594,18
3,8,729,742,13
3,8,2468,2478,10
3,8,2497,2498,1
3,8,2954,3010,56
3,8,4604,4612,8
3,8,4625,4626,1
3,8,5266,5313,47
3,8,5321,5322,1
3,8,5568,5580,12
3,8,5884,5888,4
3,8,6168,6185,17
3,8,6233,6244,11
3,8,6878,6883,5
3,8,7757,7780,23
3,8,8419,8435,16
3,8,8502,8515,13
3,8,9034,9040,6
3,8,9219,9242,23
3,8,9365,9375,10
3,8,11657,11658,1
3,8,14778,14798,20
3,8,15242,15243,1
3,8,15248,15249,1
3,8,15254,15255,1
3,8,15283,15337,54
3,8,15497,15531,34
3,8,15549,15552,3
3,8,15554,15602,48
3,8,15658,15674,16
3,8,15784,15804,20
3,8,15887,15916,29
3,8,15969,15991,22
3,8,16140,16172,32
3,8,18643,18663,20
3,8,18665,18680,15
3,8,20453,20455,2
3,8,20909,20927,18
3,8,21664,21674,10
3,8,23001,23023,22
3,8,23156,23218,62
3,8,23232,23262,30
3,8,23266,23268,2
3,8,23787,23795,8
3,8,24791,24792,1
3,8,24812,24818,6
3,8,24948,24957,9
3,8,24994,25004,10
3,8,25486,25503,17
3,8,25772,25781,9
3,8,25784,25804,20
3,8,25822,25837,15
3,8,25997,26026,29
3,8,26193,26263,70
3,8,26371,26389,18
3,8,26498,26538,40
3,8,26544,26547,3
3,9,155,224,69
3,9,951,964,13
3,9,1872,1903,31
3,9,4595,4605,10
3,9,4903,4907,4
3,9,4909,4965,56
3,9,5048,5065,17
3,9,5091,5133,42
3,9,6014,6025,11
3,9,6151,6155,4
3,9,6178,6210,32
3,9,6656,6704,48
3,9,7498,7500,2
3,9,7530,7533,3
3,9,7557,7571,14
3,9,7611,7622,11
3,9,8857,8865,8
3,9,9114,9134,20
3,9,9417,9433,16
3,9,10453,10509,56
3,9,10664,10682,18
3,9,11379,11393,14
3,9,11432,11453,21
3,9,11646,11667,21
3,9,11698,11737,39
3,9,11767,11772,5
3,9,12509,12511,2
3,9,12531,12541,10
3,9,12910,12926,16
3,9,13416,13425,9
3,9,13517,13546,29
3,9,14575,14597,22
3,9,14614,14617,3
3,9,15564,15592,28
3,9,15722,15728,6
3,9,16309,16326,17
3,9,19267,19275,8
3,9,19320,19327,7
3,9,19333,19336,3
3,9,19354,19374,20
3,9,19382,19389,7
3,9,19392,19405,13
3,9,19472,19503,31
3,9,19791,19795,4
3,9,19797,19800,3
3,9,21560,21574,14
3,9,22323,22330,7
3,9,23687,23700,13
3,9,23976,23997,21
3,9,24849,24869,20
3,9,24952,24967,15
3,9,25013,25027,14
3,9,25224,25237,13
3,9,26330,26373,43
3,9,26505,26506,1
3,9,26534,26539,5
3,9,27260,27278,18
3,9,27500,27521,21
3,9,27950,27971,21
3,9,28042,28047,5
3,10,1508,1514,6
3,10,2468,2470,2
3,10,2472,2488,16
3,10,2665,2672,7
3,10,4891,4905,14
3,10,4909,4921,12
3,10,4931,4937,6
3,10,4952,4959,7
3,10,5222,5227,5
3,10,5229,5230,1
3,10,5308,5315,7
3,10,5320,5347,27
3,10,5384,5422,38
3,10,5491,5492,1
3,10,5574,5609,35
3,10,5611,5616,5
3,10,5632,5643,11
3,10,5929,5964,35
3,10,5970,6020,50
3,10,6209,6231,22
3,10,9003,9027,24
3,10,9200,9234,34
3,10,9290,9299,9
3,10,9316,9337,21
3,10,10285,10292,7
3,10,10301,10320,19
3,10,10322,10354,32
3,10,10385,10417,32
3,10,10438,10466,28
3,10,10802,10827,25
3,10,11043,11048,5
3,10,11412,11424,12
3,10,11442,11454,12
3,10,11463,11500,37
3,10,11723,11730,7
3,10,11913,11966,53
3,10,11968,11977,9
3,10,12141,12150,9
3,10,12635,12674,39
3,10,12802,12804,2
3,10,15417,15430,13
3,10,16119,16162,43
3,10,16204,16219,15
3,10,16932,16940,8
3,10,16988,17016,28
3,10,17456,17457,1
3,10,17472,17473,1
3,10,17478,17479,1
3,10,17533,17543,10
3,10,17590,17623,33
3,10,17961,17962,1
3,10,19246,19255,9
3,10,19579,19588,9
3,10,19625,19636,11
3,10,19639,19668,29
3,10,20059,20063,4
3,10,20069,20071,2
3,10,21517,21535,18
3,10,21543,21577,34
3,10,26861,26866,5
3,10,28122,28163,41
3,10,28523,28572,49
3,11,265,305,40
3,11,312,324,12
3,11,375,383,8
3,11,934,948,14
3,11,2187,2193,6
3,11,4836,4846,10
3,11,4897,4905,8
3,11,5201,5215,14
3,11,5436,5442,6
3,11,5831,5834,3
3,11,6065,6069,4
3,11,6072,6082,10
3,11,6089,6096,7
3,11,6099,6104,5
3,11,6977,7000,23
3,11,7006,7009,3
3,11,7093,7096,3
3,11,7137,7148,11
3,11,7213,7215,2
3,11,7240,7252,12
3,11,7255,7280,25
3,11,10261,10380,119
3,11,10513,10525,12
3,11,10538,10539,1
3,11,10541,10563,22
3,11,10566,10605,39
3,11,11678,11708,30
3,11,11867,11878,11
3,11,11982,12016,34
3,11,12038,12049,11
3,11,12367,12369,2
3,11,12378,12385,7
3,11,12397,12398,1
3,11,13419,13424,5
3,11,13426,13427,1
3,11,13769,13783,14
3,11,15492,15509,17
3,11,15522,15544,22
3,11,15692,15703,11
3,11,15799,15815,16
3,11,17023,17031,8
3,11,17162,17164,2
3,11,17176,17213,37
3,11,17276,17283,7
3,11,17301,17309,8
3,11,17339,17369,30
3,11,19105,19167,62
3,11,19311,19341,30
3,11,19344,19358,14
3,11,19374,19380,6
3,11,19444,19451,7
3,11,19868,19893,25
3,11,20703,20727,24
3,11,20890,20905,15
3,11,21148,21168,20
3,11,21204,21221,17
3,11,21575,21578,3
3,11,21582,21584,2
3,11,21602,21627,25
3,11,24469,24500,31
3,11,24508,24516,8
3,11,24527,24543,16
3,11,25167,25185,18
3,11,25384,25385,1
3,11,25418,25427,9
3,11,26236,26247,11
3,11,26278,26290,12
3,11,26292,26299,7
3,11,26377,26391,14
3,11,26485,26505,20
3,11,26537,26539,2
3,11,26623,26624,1
3,11,26912,26929,17
3,11,27496,27513,17
3,12,141,165,24
3,12,468,488,20
3,12,490,496,6
3,12,2401,2421,20
3,12,3034,3036,2
3,12,3038,3057,19
3,12,3232,3251,19
3,12,3253,3255,2
3,12,3263,3267,4
3,12,3272,3338,66
3,12,3340,3398,58
3,12,3415,3420,5
3,12,3435,3467,32
3,12,3668,3697,29
3,12,4532,4546,14
3,12,5841,5855,14
3,12,7327,7340,13
3,12,7829,7882,53
3,12,7888,7913,25
3,12,8049,8072,23
3,12,8365,8392,27
3,12,8397,8419,22
3,12,8476,8488,12
3,12,8579,8598,19
3,12,9063,9088,25
3,12,9330,9340,10
3,12,9386,9392,6
3,12,10796,10799,3
3,12,10866,10869,3
3,12,11157,11177,20
3,12,11194,11224,30
3,12,11240,11242,2
3,12,11245,11277,32
3,12,11476,11478,2
3,12,11494,11499,5
3,12,11641,11652,11
3,12,12122,12139,17
3,12,12187,12212,25
3,12,13024,13036,12
3,12,13063,13066,3
3,12,15199,15229,30
3,12,15248,15382,134
3,12,15544,15553,9
3,12,15568,15571,3
3,12,15598,15609,11
3,12,15739,15744,5
3,12,16878,16906,28
3,12,16989,17012,23
3,12,18999,19038,39
3,12,19160,19171,11
3,12,19198,19199,1
3,12,19206,19211,5
3,12,19247,19263,16
3,12,19606,19624,18
3,12,20100,20131,31
3,12,20144,20161,17
3,12,20422,20449,27
3,12,20472,20487,15
3,12,20514,20532,18
3,12,20545,20560,15
3,12,21521,21538,17
3,12,23997,24002,5
3,12,24239,24242,3
3,12,24564,24653,89
3,12,25560,25636,76
3,12,25639,25650,11
3,12,25664,25751,87
3,12,25943,25974,31
3,12,25976,25977,1
3,12,26057,26083,26
3,12,26094,26100,6
3,12,26385,26390,5
3,12,26421,26427,6
3,12,26464,26487,23
4,5,928,945,17
4,5,1571,1572,1
4,5,1720,1760,40
4,5,1854,1899,45
4,5,1901,1903,2
4,5,2839,2840,1
4,5,2846,2849,3
4,5,2934,2978,44
4,5,3145,3172,27
4,5,3174,3177,3
4,5,3179,3180,1
4,5,3184,3186,2
4,5,3193,3230,37
4,5,3598,3607,9
4,5,4666,4706,40
4,5,5404,5426,22
4,5,6215,6243,28
4,5,6857,6869,12
4,5,8701,8730,29
4,5,8761,8785,24
4,5,8891,8898,7
4,5,11092,11106,14
4,5,12039,12042,3
4,5,12060,12079,19
4,5,12083,12097,14
4,5,13424,13457,33
4,5,14006,14045,39
4,5,14531,14571,40
4,5,14690,14726,36
4,5,14818,14829,11
4,5,14968,14973,5
4,5,15284,15292,8
4,5,15306,15311,5
4,5,15316,15345,29
4,5,15348,15349,1
4,5,15370,15385,15
4,5,15387,15388,1
4,5,15402,15427,25
4,5,15429,15442,13
4,5,15478,15481,3
4,5,16059,16073,14
4,5,16075,16094,19
4,5,18148,18169,21
4,5,18172,18183,11
4,5,18200,18271,71
4,5,18282,18283,1
4,5,18775,18805,30
4,5,19355,19370,15
4,5,20064,20070,6
4,5,20330,20342,12
4,5,20505,20525,20
4,5,21539,21568,29
4,5,22060,22066,6
4,5,22346,22353,7
4,5,22376,22419,43
4,5,22462,22476,14
4,5,22478,22481,3
4,5,22503,22507,4
4,5,23250,23257,7
4,5,23471,23526,55
4,5,23537,23562,25
4,5,23598,23613,15
4,5,24337,24354,17
4,5,24366,24414,48
4,5,26912,26929,17
4,5,27169,27190,21
4,5,28589,28611,22
4,5,28649,28666,17
4,5,28670,28703,33
4,6,373,374,1
4,6,620,624,4
4,6,629,630,1
4,6,1130,1174,44
4,6,1255,1258,3
4,6,1404,1429,25
4,6,1622,1628,6
4,6,2275,2321,46
4,6,2334,2335,1
4,6,2599,2602,3
4,6,3603,3624,21
4,6,3644,3662,18
4,6,5357,5361,4
4,6,5363,5365,2
4,6,5380,5385,5
4,6,5440,5452,12
4,6,7915,7964,49
4,6,8122,8132,10
4,6,8146,8149,3
4,6,10455,10463,8
4,6,10467,10468,1
4,6,10470,10524,54
4,6,11098,11109,11
4,6,11258,11316,58
4,6,13709,13734,25
4,6,16270,16292,22
4,6,16764,16774,10
4,6,18390,18403,13
4,6,18473,18491,18
4,6,18546,18563,17
4,6,18567,18578,11
4,6,18769,18779,10
4,6,18793,18813,20
4,6,19514,19528,14
4,6,19549,19551,2
4,6,19572,19602,30
4,6,19935,19939,4
4,6,20093,20136,43
4,6,20826,20832,6
4,6,20841,20842,1
4,6,21347,21356,9
4,6,22053,22084,31
4,6,22221,22232,11
4,6,24151,24215,64
4,6,25401,25413,12
4,7,149,163,14
4,7,285,305,20
4,7,367,374,7
4,7,596,616,20
4,7,662,685,23
4,7,704,745,41
4,7,758,760,2
4,7,786,828,42
4,7,1679,1773,94
4,7,1797,1821,24
4,7,1837,1848,11
4,7,2036,2064,28
4,7,2232,2268,36
4,7,2886,2893,7
4,7,2896,2920,24
4,7,2985,3000,15
4,7,3352,3363,11
4,7,3370,3374,4
4,7,3617,3647,30
4,7,3649,3651,2
4,7,3654,3655,1
4,7,4206,4289,83
4,7,4890,4902,12
4,7,5386,5401,15
4,7,5417,5423,6
4,7,5443,5444,1
4,7,6121,6145,24
4,7,6188,6202,14
4,7,6215,6232,17
4,7,6294,6314,20
4,7,7162,7165,3
4,7,7279,7283,4
4,7,7347,7349,2
4,7,8420,8440,20
4,7,9222,9245,23
4,7,10004,10013,9
4,7,10073,10078,5
4,7,10641,10662,21
4,7,10682,10706,24
4,7,10995,11006,11
4,7,11846,11867,21
4,7,12649,12669,20
4,7,13750,13770,20
4,7,14521,14525,4
4,7,15040,15045,5
4,7,15086,15091,5
4,7,15414,15416,2
4,7,15469,15486,17
4,7,15584,15596,12
4,7,16303,16322,19
4,7,16337,16354,17
4,7,16359,16364,5
4,7,16369,16393,24
4,7,16395,16415,20
4,7,16424,16433,9
4,7,17044,17054,10
4,7,17067,17080,13
4,7,17522,17550,28
4,7,17857,17858,1
4,7,17868,17879,11
4,7,18809,18815,6
4,7,21365,21406,41
4,7,22497,22515,18
4,7,23347,23389,42
4,7,23830,23857,27
4,7,24203,24219,16
4,7,24609,24652,43
4,7,25875,25883,8
4,7,25886,25912,26
4,7,25916,25920,4
4,7,26454,26488,34
4,7,26700,26710,10
4,8,504,596,92
4,8,745,775,30
4,8,783,840,57
4,8,1008,1015,7
4,8,1100,1127,27
4,8,1217,1218,1
4,8,2176,2178,2
4,8,2187,2223,36
4,8,2801,2818,17
4,8,2862,2863,1
4,8,2879,2906,27
4,8,3466,3478,12
4,8,3549,3554,5
4,8,3562,3580,18
4,8,4247,4261,14
4,8,4377,4394,17
4,8,4637,4643,6
4,8,4652,4665,13
4,8,6486,6530,44
4,8,6532,6533,1
4,8,6536,6570,34
4,8,6594,6602,8
4,8,7257,7274,17
4,8,7417,7436,19
4,8,7496,7546,50
4,8,7586,7618,32
4,8,9415,9422,7
4,8,9477,9487,10
4,8,9854,9863,9
4,8,10009,10025,16
4,8,10027,10028,1
4,8,10035,10073,38
4,8,10105,10106,1
4,8,10912,10924,12
4,8,11171,11218,47
4,8,11220,11232,12
4,8,13603,13623,20
4,8,13726,13740,14
4,8,15049,15082,33
4,8,15132,15158,26
4,8,16384,16453,69
4,8,16517,16535,18
4,8,16550,16566,16
4,8,16640,16647,7
4,8,16652,16656,4
4,8,16846,16847,1
4,8,17374,17404,30
4,8,17416,17447,31
4,8,18410,18422,12
4,8,18442,18455,13
4,8,18884,18925,41
4,8,18933,18935,2
4,8,19157,19216,59
4,8,19230,19236,6
4,8,19248,19249,1
4,8,19251,19261,10
4,8,19362,19368,6
4,8,19755,19776,21
4,8,19778,19788,10
4,8,20369,20383,14
4,8,20396,20406,10
4,8,20429,20431,2
4,8,20475,20490,15
4,8,21936,21956,20
4,8,21973,22051,78
4,8,22229,22235,6
4,8,23306,23351,45
4,8,24496,24508,12
4,8,25286,25294,8
4,8,25352,25371,19
4,8,25461,25463,2
4,8,25777,25780,3
4,8,25782,25790,8
4,8,25990,25998,8
4,8,26031,26037,6
4,8,26233,26241,8
4,8,26358,26397,39
4,8,26404,26431,27
4,8,26529,26547,18
4,8,26652,26655,3
4,8,26659,26661,2
4,8,26944,26946,2
4,8,27144,27148,4
4,8,27209,27235,26
4,8,27244,27256,12
4,9,20,26,6
4,9,346,366,20
4,9,1047,1053,6
4,9,1058,1082,24
4,9,1084,1099,15
4,9,1133,1151,18
4,9,1340,1378,38
4,9,2183,2210,27
4,9,2217,2250,33
4,9,2401,2421,20
4,9,3564,3571,7
4,9,4322,4329,7
4,9,4343,4355,12
4,9,4358,4379,21
4,9,4419,4422,3
4,9,4442,4556,114
4,9,4561,4567,6
4,9,4670,4756,86
4,9,4778,4801,23
4,9,4813,4822,9
4,9,5747,5753,6
4,9,5782,5787,5
4,9,6648,6751,103
4,9,6842,6885,43
4,9,8768,8775,7
4,9,8778,8787,9
4,9,10307,10321,14
4,9,10510,10512,2
4,9,10535,10572,37
4,9,10865,10880,15
4,9,11089,11110,21
4,9,12070,12080,10
4,9,12082,12083,1
4,9,12119,12139,20
4,9,12156,12161,5
4,9,12163,12177,14
4,9,14225,14240,15
4,9,14242,14281,39
4,9,15760,15764,4
4,9,15982,16004,22
4,9,16049,16127,78
4,9,16451,16462,11
4,9,16719,16779,60
4,9,16886,16887,1
4,9,17303,17305,2
4,9,17848,17926,78
4,9,17930,17931,1
4,9,20018,20074,56
4,9,20102,20107,5
4,9,20129,20132,3
4,9,20372,20391,19
4,9,20810,20838,28
4,9,20882,20899,17
4,9,21091,21097,6
4,9,21172,21194,22
4,9,21762,21769,7
4,9,21867,21876,9
4,9,22205,22219,14
4,9,22609,22612,3
4,9,22618,22633,15
4,9,24027,24049,22
4,9,24476,24492,16
4,9,24496,24501,5
4,9,24577,24614,37
4,9,24626,24643,17
4,9,24871,24887,16
4,9,25026,25056,30
4,9,25230,25252,22
4,9,26397,26427,30
4,9,26607,26608,1
4,9,26618,26632,14
4,9,26677,26684,7
4,9,26704,26715,11
4,9,27095,27099,4
4,9,27420,27424,4
4,9,27430,27433,3
4,10,1332,1349,17
4,10,1614,1626,12
4,10,1628,1644,16
4,10,2409,2425,16
4,10,3749,3761,12
4,10,3797,3801,4
4,10,3813,3865,52
4,10,3900,3926,26
4,10,3976,3985,9
4,10,3991,4096,105
4,10,4736,4745,9
4,10,4777,4794,17
4,10,4816,4824,8
4,10,4831,4843,12
4,10,4850,4861,11
4,10,4884,4890,6
4,10,5386,5428,42
4,10,7624,7641,17
4,10,8724,8728,4
4,10,8762,8766,4
4,10,8773,8787,14
4,10,8790,8861,71
4,10,10563,10604,41
4,10,10650,10674,24
4,10,10782,10792,10
4,10,11076,11091,15
4,10,11093,11094,1
4,10,13970,13972,2
4,10,15122,15200,78
4,10,15397,15410,13
4,10,15453,15459,6
4,10,15468,15473,5
4,10,15524,15549,25
4,10,16306,16329,23
4,10,17230,17232,2
4,10,17235,17241,6
4,10,17243,17249,6
4,10,17343,17350,7
4,10,17756,17757,1
4,10,17767,17769,2
4,10,17771,17794,23
4,10,17810,17812,2
4,10,17819,17832,13
4,10,18002,18044,42
4,10,18825,18840,15
4,10,19045,19061,16
4,10,19106,19120,14
4,10,20199,20218,19
4,10,20995,21003,8
4,10,21006,21011,5
4,10,21472,21488,16
4,10,21492,21502,10
4,10,21662,21680,18
4,10,21860,21861,1
4,10,21863,21873,10
4,10,22283,22301,18
4,10,22392,22408,16
4,10,22410,22411,1
4,10,22415,22420,5
4,10,22753,22778,25
4,10,22789,22824,35
4,10,22914,22916,2
4,10,23114,23131,17
4,10,23209,23235,26
4,10,23307,23310,3
4,10,24436,24451,15
4,10,25520,25550,30
4,10,25621,25634,13
4,10,25646,25675,29
4,10,25686,25718,32
4,10,27267,27278,11
4,10,27309,27310,1
4,10,27323,27335,12
4,10,27423,27442,19
4,10,28526,28528,2
4,10,28668,28669,1
4,10,28715,28723,8
4,10,28735,28737,2
4,11,1662,1681,19
4,11,3559,3574,15
4,11,4194,4232,38
4,11,4244,4248,4
4,11,5100,5105,5
4,11,5110,5135,25
4,11,5150,5154,4
4,11,5156,5181,25
4,11,5338,5347,9
4,11,6994,7008,14
4,11,7064,7093,29
4,11,7186,7191,5
4,11,8004,8037,33
4,11,8716,8736,20
4,11,8943,8964,21
4,11,8975,8982,7
4,11,9024,9034,10
4,11,9109,9128,19
4,11,9138,9147,9
4,11,9196,9210,14
4,11,9245,9260,15
4,11,9282,9291,9
4,11,9483,9499,16
4,11,11141,11164,23
4,11,13546,13559,13
4,11,13562,13582,20
4,11,15116,15140,24
4,11,16345,16354,9
4,11,16373,16375,2
4,11,16378,16389,11
4,11,18985,19003,18
4,11,19013,19017,4
4,11,19673,19674,1
4,11,19753,19768,15
4,11,20180,20209,29
4,11,20673,20674,1
4,11,20685,20728,43
4,11,20747,20773,26
4,11,21803,21811,8
4,11,21813,21818,5
4,11,21904,21947,43
4,11,22040,22048,8
4,11,22465,22481,16
4,11,22801,22820,19
4,11,22966,22967,1
4,11,23101,23124,23
4,11,23236,23250,14
4,11,23767,23776,9
4,11,24730,24776,46
4,11,25154,25187,33
4,11,26113,26127,14
4,11,26218,26239,21
4,11,26320,26329,9
4,11,26352,26357,5
4,11,26359,26360,1
4,11,26364,26387,23
4,11,26618,26632,14
4,11,26691,26718,27
4,11,27548,27605,57
4,11,27642,27657,15
4,11,27663,27677,14
4,11,27703,27719,16
4,11,27863,27914,51
4,11,27916,27967,51
4,11,28061,28081,20
4,11,28142,28160,18
4,11,28164,28201,37
4,11,28267,28298,31
4,11,28300,28301,1
4,12,304,322,18
4,12,439,440,1
4,12,442,482,40
4,12,492,497,5
4,12,501,502,1
4,12,504,506,2
4,12,652,695,43
4,12,735,765,30
4,12,2870,2872,2
4,12,4177,4178,1
4,12,4181,4183,2
4,12,4252,4269,17
4,12,4335,4383,48
4,12,5933,5949,16
4,12,6182,6183,1
4,12,6217,6241,24
4,12,6263,6295,32
4,12,6314,6342,28
4,12,6435,6465,30
4,12,6511,6513,2
4,12,6545,6555,10
4,12,7690,7696,6
4,12,8416,8431,15
4,12,9511,9547,36
4,12,9664,9675,11
4,12,9777,9802,25
4,12,10018,10039,21
4,12,10073,10104,31
4,12,10157,10171,14
4,12,10271,10282,11
4,12,12072,12075,3
4,12,12079,12080,1
4,12,12343,12345,2
4,12,12722,12736,14
4,12,13150,13170,20
4,12,13395,13397,2
4,12,13656,13682,26
4,12,14190,14209,19
4,12,15364,15376,12
4,12,15443,15454,11
4,12,16326,16332,6
4,12,16351,16359,8
4,12,17216,17227,11
4,12,21413,21422,9
4,12,21630,21638,8
4,12,21682,21689,7
4,12,22328,22329,1
4,12,22377,22387,10
4,12,22535,22545,10
4,12,23245,23259,14
4,12,23261,23262,1
4,12,23267,23268,1
4,12,23899,23906,7
4,12,25850,25874,24
4,12,27868,27871,3
4,12,27874,27878,4
5,6,220,222,2
5,6,286,292,6
5,6,298,303,5
5,6,337,345,8
5,6,1986,1999,13
5,6,2178,2183,5
5,6,3299,3319,20
5,6,3522,3562,40
5,6,3891,3899,8
5,6,5358,5385,27
5,6,5391,5394,3
5,6,5560,5574,14
5,6,5850,5852,2
5,6,6676,6690,14
5,6,6937,6962,25
5,6,8507,8516,9
5,6,8540,8565,25
5,6,8820,8830,10
5,6,8865,8873,8
5,6,9607,9635,28
5,6,10741,10757,16
5,6,10831,10832,1
5,6,10834,10835,1
5,6,10838,10866,28
5,6,10872,10879,7
5,6,10916,10917,1
5,6,10998,10999,1
5,6,11001,11035,34
5,6,11057,11058,1
5,6,11082,11095,13
5,6,11628,11637,9
5,6,11820,11836,16
5,6,12873,12879,6
5,6,13057,13076,19
5,6,13667,13675,8
5,6,16392,16404,12
5,6,16407,16408,1
5,6,17147,17155,8
5,6,17217,17231,14
5,6,17332,17353,21
5,6,17355,17356,1
5,6,17358,17400,42
5,6,18096,18122,26
5,6,18676,18694,18
5,6,18775,18795,20
5,6,19956,19957,1
5,6,19960,19966,6
5,6,19970,19973,3
5,6,19997,20039,42
5,6,20130,20151,21
5,6,20982,21101,119
5,6,22063,22064,1
5,6,22098,22112,14
5,6,25001,25015,14
5,6,25557,25578,21
5,6,25582,25598,16
5,6,25730,25758,28
5,6,25785,25793,8
5,6,25989,26007,18
5,6,26284,26300,16
5,6,26629,26646,17
5,6,26650,26661,11
5,6,26663,26692,29
5,6,26733,26744,11
5,7,1719,1764,45
5,7,1931,1978,47
5,7,2069,2085,16
5,7,2197,2208,11
5,7,2750,2765,15
5,7,3042,3047,5
5,7,3082,3102,20
5,7,4075,4087,12
5,7,5395,5415,20
5,7,5730,5754,24
5,7,6203,6229,26
5,7,6233,6241,8
5,7,6250,6291,41
5,7,6619,6636,17
5,7,7635,7698,63
5,7,7722,7738,16
5,7,7814,7826,12
5,7,8851,8868,17
5,7,10140,10146,6
5,7,10891,10894,3
5,7,10948,10951,3
5,7,11414,11429,15
5,7,11454,11496,42
5,7,11574,11579,5
5,7,14270,14273,3
5,7,14312,14323,11
5,7,14377,14380,3
5,7,14383,14397,14
5,7,14480,14502,22
5,7,14912,14942,30
5,7,15929,15937,8
5,7,16102,16126,24
5,7,16134,16141,7
5,7,16155,16166,11
5,7,16743,16769,26
5,7,16783,16794,11
5,7,16801,16818,17
5,7,16882,16912,30
5,7,18493,18508,15
5,7,18796,18844,48
5,7,18863,18872,9
5,7,18978,18995,17
5,7,19466,19501,35
5,7,19504,19505,1
5,7,19507,19541,34
5,7,21234,21239,5
5,7,21321,21368,47
5,7,21934,21945,11
5,7,22524,22544,20
5,7,22547,22550,3
5,7,22798,22862,64
5,7,24053,24065,12
5,7,24721,24744,23
5,7,25216,25217,1
5,7,25221,25240,19
5,7,25564,25566,2
5,7,25578,25635,57
5,7,26941,26960,19
5,7,26962,26963,1
5,7,27020,27027,7
5,7,27041,27053,12
5,7,27183,27205,22
5,7,27239,27246,7
5,7,27305,27306,1
5,7,27350,27354,4
5,7,27609,27628,19
5,7,27635,27636,1
5,7,27862,27873,11
5,7,28077,28082,5
5,7,28104,28149,45
5,7,28151,28153,2
5,7,28155,28168,13
5,8,345,353,8
5,8,459,475,16
5,8,666,674,8
5,8,948,959,11
5,8,2590,2607,17
5,8,2655,2673,18
5,8,2867,2878,11
5,8,3363,3374,11
5,8,3513,3552,39
5,8,4298,4311,13
5,8,4340,4344,4
5,8,4427,4428,1
5,8,4588,4626,38
5,8,4650,4658,8
5,8,4684,4744,60
5,8,5032,5035,3
5,8,5076,5092,16
5,8,5123,5124,1
5,8,5127,5135,8
5,8,7132,7142,10
5,8,8151,8156,5
5,8,8272,8304,32
5,8,8306,8327,21
5,8,8344,8351,7
5,8,9774,9791,17
5,8,10543,10557,14
5,8,10569,10610,41
5,8,10613,10615,2
5,8,10622,10624,2
5,8,10638,10641,3
5,8,10744,10746,2
5,8,10896,10901,5
5,8,10903,10904,1
5,8,11802,11810,8
5,8,12167,12202,35
5,8,12218,12238,20
5,8,12784,12790,6
5,8,12852,12854,2
5,8,12887,12897,10
5,8,12935,12964,29
5,8,12999,13011,12
5,8,13034,13044,10
5,8,13073,13075,2
5,8,14902,14912,10
5,8,17634,17671,37
5,8,17778,17796,18
5,8,18525,18562,37
5,8,18642,18657,15
5,8,18687,18729,42
5,8,18733,18736,3
5,8,18750,18754,4
5,8,18820,18832,12
5,8,19312,19325,13
5,8,19340,19358,18
5,8,19361,19365,4
5,8,19487,19520,33
5,8,21223,21252,29
5,8,21334,21346,12
5,8,22075,22083,8
5,8,22114,22135,21
5,8,22307,22332,25
5,8,22841,22867,26
5,8,23941,23946,5
5,8,23961,24047,86
5,8,24192,24208,16
5,8,24543,24582,39
5,8,24984,24986,2
5,8,27907,27927,20
5,8,27942,27966,24
5,8,28074,28089,15
5,8,28093,28149,56
5,9,0,17,17
5,9,671,689,18
5,9,696,727,31
5,9,3359,3363,4
5,9,4397,4403,6
5,9,4409,4416,7
5,9,4561,4565,4
5,9,4569,4582,13
5,9,4676,4713,37
5,9,5894,5923,29
5,9,6796,6811,15
5,9,6818,6821,3
5,9,6853,6873,20
5,9,7005,7008,3
5,9,7015,7030,15
5,9,7039,7048,9
5,9,7074,7104,30
5,9,7162,7173,11
5,9,7176,7177,1
5,9,7299,7315,16
5,9,7486,7497,11
5,9,7583,7594,11
5,9,7631,7721,90
5,9,7862,7882,20
5,9,8591,8610,19
5,9,8723,8726,3
5,9,8766,8832,66
5,9,8845,8849,4
5,9,8851,8859,8
5,9,8863,8872,9
5,9,9038,9048,10
5,9,9052,9053,1
5,9,9063,9079,16
5,9,9757,9769,12
5,9,9807,9810,3
5,9,9941,9954,13
5,9,10066,10077,11
5,9,11077,11112,35
5,9,11223,11225,2
5,9,11316,11332,16
5,9,11947,11962,15
5,9,11982,11994,12
5,9,12021,12033,12
5,9,12332,12348,16
5,9,12394,12427,33
5,9,12452,12481,29
5,9,13064,13080,16
5,9,13573,13589,16
5,9,13612,13617,5
5,9,16065,16084,19
5,9,16228,16246,18
5,9,16250,16253,3
5,9,16281,16292,11
5,9,17799,17800,1
5,9,17805,17847,42
5,9,18314,18317,3
5,9,19923,19934,11
5,9,20117,20145,28
5,9,21872,21896,24
5,9,22984,22991,7
5,9,24684,24702,18
5,9,24722,24756,34
5,9,24761,24768,7
5,9,24773,24774,1
5,9,24776,24833,57
5,9,24921,24925,4
5,9,24927,24931,4
5,9,24940,24943,3
5,9,24986,25019,33
5,9,25574,25632,58
5,9,25635,25636,1
5,9,25642,25649,7
5,9,26107,26113,6
5,9,26129,26144,15
5,9,26324,26329,5
5,9,27289,27355,66
5,9,27746,27748,2
5,9,27766,27774,8
5,9,27835,27842,7
5,10,155,162,7
5,10,742,753,11
5,10,1061,1063,2
5,10,1065,1068,3
5,10,1098,1113,15
5,10,1127,1132,5
5,10,1528,1578,50
5,10,2689,2698,9
5,10,3347,3363,16
5,10,4414,4417,3
5,10,5402,5408,6
5,10,5448,5450,2
5,10,5452,5480,28
5,10,5828,5830,2
5,10,5983,6002,19
5,10,6024,6057,33
5,10,6681,6692,11
5,10,7232,7233,1
5,10,7235,7245,10
5,10,7267,7307,40
5,10,7327,7344,17
5,10,8501,8525,24
5,10,8724,8771,47
5,10,8774,8799,25
5,10,8832,8845,13
5,10,9340,9353,13
5,10,9561,9588,27
5,10,9601,9607,6
5,10,9612,9639,27
5,10,9648,9661,13
5,10,9663,9666,3
5,10,9689,9711,22
5,10,9785,9793,8
5,10,9862,9873,11
5,10,9876,9886,10
5,10,10225,10231,6
5,10,10976,10982,6
5,10,11040,11054,14
5,10,11215,11247,32
5,10,11509,11558,49
5,10,11560,11567,7
5,10,11790,11797,7
5,10,11812,11870,58
5,10,12131,12136,5
5,10,13778,13779,1
5,10,13852,13868,16
5,10,13916,13930,14
5,10,14239,14273,34
5,10,14292,14296,4
5,10,15217,15246,29
5,10,15388,15407,19
5,10,15412,15415,3
5,10,15461,15469,8
5,10,15698,15716,18
5,10,15885,15891,6
5,10,15896,15901,5
5,10,15907,15915,8
5,10,16631,16641,10
5,10,17097,17117,20
5,10,18295,18301,6
5,10,18350,18390,40
5,10,18406,18436,30
5,10,18440,18442,2
5,10,18853,18874,21
5,10,19142,19168,26
5,10,19730,19733,3
5,10,19737,19823,86
5,10,19851,19877,26
5,10,19893,19901,8
5,10,20616,20627,11
5,10,20829,20834,5
5,10,20963,20970,7
5,10,21831,21839,8
5,10,21848,21852,4
5,10,21860,21871,11
5,10,21941,21954,13
5,10,22389,22408,19
5,10,22550,22562,12
5,10,22564,22565,1
5,10,22838,22847,9
5,10,22889,22892,3
5,10,22897,22926,29
5,10,23772,23828,56
5,10,23927,23943,16
5,10,24021,24024,3
5,10,24029,24031,2
5,10,24043,24047,4
5,10,24082,24083,1
5,10,24085,24100,15
5,10,24172,24193,21
5,10,24264,24266,2
5,10,24299,24324,25
5,10,24415,24430,15
5,10,25176,25206,30
5,10,25240,25257,17
5,10,26145,26156,11
5,10,26187,26191,4
5,10,26196,26199,3
5,10,26253,26278,25
5,10,26678,26714,36
5,10,26772,26810,38
5,10,26812,26827,15
5,10,26844,26861,17
5,10,26866,26868,2
5,10,26873,26883,10
5,10,26888,26899,11
5,10,27737,27764,27
5,10,27883,27898,15
5,10,28575,28590,15
5,11,0,8,8
5,11,15,20,5
5,11,30,32,2
5,11,149,163,14
5,11,221,242,21
5,11,328,338,10
5,11,829,843,14
5,11,863,871,8
5,11,877,895,18
5,11,2419,2439,20
5,11,2707,2717,10
5,11,4302,4347,45
5,11,6643,6660,17
5,11,7898,7899,1
5,11,7902,7936,34
5,11,7964,7979,15
5,11,8594,8617,23
5,11,8708,8745,37
5,11,9726,9741,15
5,11,10642,10653,11
5,11,10712,10735,23
5,11,11358,11380,22
5,11,11823,11824,1
5,11,12706,12717,11
5,11,13328,13350,22
5,11,13703,13727,24
5,11,13823,13838,15
5,11,13851,13855,4
5,11,14734,14741,7
5,11,14743,14756,13
5,11,14771,14798,27
5,11,14803,14805,2
5,11,14807,14808,1
5,11,14920,14938,18
5,11,16702,16713,11
5,11,16855,16880,25
5,11,17037,17053,16
5,11,17062,17066,4
5,11,17279,17303,24
5,11,17310,17311,1
5,11,17398,17423,25
5,11,17427,17430,3
5,11,17966,18104,138
5,11,18916,18922,6
5,11,19585,19610,25
5,11,20474,20493,19
5,11,20981,21005,24
5,11,22073,22082,9
5,11,22201,22224,23
5,11,22529,22538,9
5,11,22554,22566,12
5,11,22865,22923,58
5,11,22977,23018,41
5,11,23023,23047,24
5,11,23078,23097,19
5,11,23872,23898,26
5,11,23951,23973,22
5,11,24569,24588,19
5,11,25227,25229,2
5,11,25423,25483,60
5,12,25,27,2
5,12,30,44,14
5,12,1084,1101,17
5,12,1149,1151,2
5,12,1173,1190,17
5,12,1192,1193,1
5,12,1341,1390,49
5,12,2543,2626,83
5,12,2629,2657,28
5,12,4388,4396,8
5,12,4433,4439,6
5,12,4452,4455,3
5,12,4525,4533,8
5,12,4990,4991,1
5,12,5108,5131,23
5,12,5136,5163,27
5,12,5165,5166,1
5,12,6139,6194,55
5,12,6200,6224,24
5,12,6665,6676,11
5,12,6733,6734,1
5,12,6736,6739,3
5,12,6759,6780,21
5,12,6791,6811,20
5,12,6818,6838,20
5,12,6975,6996,21
5,12,7011,7030,19
5,12,7038,7040,2
5,12,7063,7070,7
5,12,7104,7105,1
5,12,7108,7114,6
5,12,7129,7132,3
5,12,7138,7170,32
5,12,7500,7535,35
5,12,7545,7548,3
5,12,7585,7612,27
5,12,7666,7712,46
5,12,7717,7720,3
5,12,7779,7795,16
5,12,7964,7999,35
5,12,8065,8091,26
5,12,8093,8095,2
5,12,8097,8100,3
5,12,8114,8115,1
5,12,8162,8201,39
5,12,8229,8236,7
5,12,8331,8368,37
5,12,9342,9351,9
5,12,9355,9358,3
5,12,9360,9362,2
5,12,10354,10419,65
5,12,10444,10488,44
5,12,11206,11280,74
5,12,11299,11334,35
5,12,11376,11384,8
5,12,11390,11393,3
5,12,11397,11398,1
5,12,11468,11480,12
5,12,11488,11489,1
5,12,11507,11593,86
5,12,11763,11791,28
5,12,11910,11934,24
5,12,12089,12090,1
5,12,12099,12107,8
5,12,12321,12322,1
5,12,12328,12353,25
5,12,12390,12392,2
5,12,12442,12509,67
5,12,12922,12974,52
5,12,14412,14418,6
5,12,15004,15011,7
5,12,15016,15031,15
5,12,15119,15126,7
5,12,15128,15130,2
5,12,15132,15157,25
5,12,15436,15454,18
5,12,16722,16764,42
5,12,16780,16785,5
5,12,16871,16922,51
5,12,17172,17206,34
5,12,17901,17919,18
5,12,18499,18522,23
5,12,19059,19083,24
5,12,19139,19174,35
5,12,21337,21338,1
5,12,21346,21387,41
5,12,21783,21786,3
5,12,22378,22387,9
5,12,22759,22772,13
5,12,23162,23180,18
5,12,23254,23274,20
5,12,25251,25301,50
6,7,356,372,16
6,7,412,463,51
6,7,477,481,4
6,7,484,523,39
6,7,751,757,6
6,7,2297,2322,25
6,7,2429,2451,22
6,7,2468,2473,5
6,7,2509,2524,15
6,7,2530,2553,23
6,7,2613,2619,6
6,7,2624,2647,23
6,7,3390,3402,12
6,7,3615,3629,14
6,7,3667,3669,2
6,7,3689,3709,20
6,7,3743,3799,56
6,7,3856,3860,4
6,7,3948,3957,9
6,7,4024,4038,14
6,7,4486,4502,16
6,7,4511,4557,46
6,7,5407,5408,1
6,7,5432,5447,15
6,7,5682,5699,17
6,7,5715,5735,20
6,7,5936,5941,5
6,7,6426,6455,29
6,7,6485,6502,17
6,7,6516,6517,1
6,7,6519,6522,3
6,7,6524,6542,18
6,7,6546,6549,3
6,7,6567,6582,15
6,7,7186,7199,13
6,7,8837,8854,17
6,7,8968,8973,5
6,7,9504,9522,18
6,7,10356,10365,9
6,7,10371,10394,23
6,7,10445,10454,9
6,7,12929,12947,18
6,7,13200,13233,33
6,7,13369,13411,42
6,7,13426,13446,20
6,7,13463,13468,5
6,7,13551,13560,9
6,7,13632,13663,31
6,7,13889,13899,10
6,7,13993,14003,10
6,7,14026,14038,12
6,7,16175,16181,6
6,7,16213,16224,11
6,7,18731,18740,9
6,7,19345,19346,1
6,7,19722,19740,18
6,7,19768,19778,10
6,7,19806,19838,32
6,7,20283,20298,15
6,7,20359,20379,20
6,7,20424,20425,1
6,7,20441,20459,18
6,7,20560,20567,7
6,7,20596,20601,5
6,7,20652,20672,20
6,7,21176,21185,9
6,7,22246,22277,31
6,7,22374,22378,4
6,7,23563,23578,15
6,7,23580,23596,16
6,7,24198,24231,33
6,7,24254,24264,10
6,7,24268,24269,1
6,7,25043,25066,23
6,7,25210,25220,10
6,7,25229,25231,2
6,7,25280,25296,16
6,7,25439,25454,15
6,7,25557,25559,2
6,7,25585,25603,18
6,7,25662,25670,8
6,7,25672,25734,62
6,7,26104,26123,19
6,7,26165,26206,41
6,8,599,605,6
6,8,651,690,39
6,8,1319,1336,17
6,8,1907,1924,17
6,8,2047,2081,34
6,8,2087,2100,13
6,8,2457,2481,24
6,8,2484,2490,6
6,8,3094,3153,59
6,8,3279,3284,5
6,8,3519,3553,34
6,8,3597,3601,4
6,8,5132,5150,18
6,8,6135,6160,25
6,8,7679,7707,28
6,8,7713,7728,15
6,8,9036,9062,26
6,8,9485,9524,39
6,8,9662,9687,25
6,8,10625,10668,43
6,8,10690,10711,21
6,8,11723,11734,11
6,8,12288,12304,16
6,8,12686,12689,3
6,8,12867,12900,33
6,8,13039,13056,17
6,8,13072,13084,12
6,8,13098,13102,4
6,8,13181,13238,57
6,8,13242,13243,1
6,8,13247,13249,2
6,8,13253,13255,2
6,8,13281,13302,21
6,8,13337,13349,12
6,8,13464,13475,11
6,8,13501,13511,10
6,8,13724,13793,69
6,8,14395,14411,16
6,8,14475,14500,25
6,8,14504,14506,2
6,8,14508,14512,4
6,8,14514,14515,1
6,8,16618,16639,21
6,8,16642,16652,10
6,8,16692,16705,13
6,8,18643,18685,42
6,8,18745,18766,21
6,8,20417,20423,6
6,8,20450,20456,6
6,8,21140,21175,35
6,8,21313,21333,20
6,8,21407,21409,2
6,8,21749,21762,13
6,8,22221,22224,3
6,8,22969,22981,12
6,8,23699,23719,20
6,8,23759,23776,17
6,8,25414,25430,16
6,8,26990,27004,14
6,8,27006,27009,3
6,8,27623,27632,9
6,8,27729,27742,13
6,8,27744,27745,1
6,8,27769,27770,1
6,8,27803,27817,14
6,9,428,430,2
6,9,819,836,17
6,9,879,890,11
6,9,910,911,1
6,9,1004,1025,21
6,9,1111,1147,36
6,9,1424,1434,10
6,9,5278,5290,12
6,9,5329,5351,22
6,9,6035,6045,10
6,9,6183,6247,64
6,9,6376,6380,4
6,9,6884,6915,31
6,9,7333,7358,25
6,9,7403,7410,7
6,9,7412,7414,2
6,9,7511,7520,9
6,9,8823,8866,43
6,9,9303,9325,22
6,9,9523,9524,1
6,9,10251,10288,37
6,9,10437,10445,8
6,9,10509,10515,6
6,9,11081,11083,2
6,9,11085,11089,4
6,9,12649,12671,22
6,9,12742,12750,8
6,9,13050,13091,41
6,9,13093,13107,14
6,9,13364,13432,68
6,9,13527,13558,31
6,9,13765,13782,17
6,9,14329,14340,11
6,9,14359,14365,6
6,9,14376,14395,19
6,9,16554,16560,6
6,9,16628,16663,35
6,9,16692,16710,18
6,9,16757,16786,29
6,9,19235,19261,26
6,9,19267,19277,10
6,9,19315,19318,3
6,9,19322,19327,5
6,9,20095,20118,23
6,9,20129,20148,19
6,9,20151,20152,1
6,9,20154,20169,15
6,9,20213,20271,58
6,9,20512,20540,28
6,9,20546,20558,12
6,9,21539,21543,4
6,9,21550,21571,21
6,9,21628,21647,19
6,9,21670,21701,31
6,9,21703,21727,24
6,9,22507,22603,96
6,9,22793,22797,4
6,9,22824,22847,23
6,9,22988,23005,17
6,9,23684,23719,35
6,9,23886,23894,8
6,9,23929,23934,5
6,9,23940,23966,26
6,9,25586,25608,22
6,9,26049,26059,10
6,9,26989,27025,36
6,9,27598,27600,2
6,9,27602,27607,5
6,9,28071,28131,60
6,10,80,109,29
6,10,154,169,15
6,10,216,234,18
6,10,790,798,8
6,10,821,826,5
6,10,1432,1433,1
6,10,1595,1619,24
6,10,1790,1807,17
6,10,1828,1842,14
6,10,2533,2567,34
6,10,2651,2656,5
6,10,2906,2940,34
6,10,3148,3158,10
6,10,3374,3380,6
6,10,5512,5541,29
6,10,5688,5696,8
6,10,5764,5769,5
6,10,5772,5778,6
6,10,5792,5797,5
6,10,5799,5814,15
6,10,5834,5857,23
6,10,6095,6106,11
6,10,6162,6177,15
6,10,6189,6213,24
6,10,6285,6298,13
6,10,6309,6357,48
6,10,6566,6629,63
6,10,6637,6670,33
6,10,6674,6695,21
6,10,8512,8529,17
6,10,8584,8598,14
6,10,9020,9031,11
6,10,9618,9627,9
6,10,11051,11058,7
6,10,11810,11811,1
6,10,11813,11843,30
6,10,11913,11914,1
6,10,11977,11988,11
6,10,14476,14493,17
6,10,14559,14598,39
6,10,14802,14803,1
6,10,14806,14825,19
6,10,15313,15315,2
6,10,15943,15946,3
6,10,15971,15976,5
6,10,16961,16962,1
6,10,16988,17015,27
6,10,17162,17193,31
6,10,17436,17456,20
6,10,17511,17567,56
6,10,17619,17671,52
6,10,17686,17710,24
6,10,21469,21474,5
6,10,21568,21570,2
6,10,21649,21666,17
6,10,22003,22008,5
6,10,22011,22013,2
6,10,22015,22020,5
6,10,23108,23113,5
6,10,23431,23473,42
6,10,25087,25151,64
6,10,26081,26102,21
6,10,26458,26480,22
6,10,26484,26528,44
6,10,26670,26692,22
6,10,26718,26732,14
6,10,26734,26735,1
6,10,26740,26742,2
6,10,27566,27587,21
6,10,28136,28164,28
6,10,28167,28172,5
6,10,28193,28213,20
6,10,28397,28400,3
6,10,28402,28424,22
6,11,141,177,36
6,11,195,220,25
6,11,248,251,3
6,11,317,337,20
6,11,917,931,14
6,11,946,948,2
6,11,1705,1731,26
6,11,3199,3208,9
6,11,3245,3251,6
6,11,3277,3287,10
6,11,5975,6013,38
6,11,6038,6055,17
6,11,6270,6293,23
6,11,6308,6343,35
6,11,6586,6622,36
6,11,6638,6641,3
6,11,6701,6709,8
6,11,7040,7045,5
6,11,8360,8395,35
6,11,8416,8420,4
6,11,8422,8423,1
6,11,9345,9359,14
6,11,9390,9420,30
6,11,9430,9451,21
6,11,9703,9731,28
6,11,9743,9754,11
6,11,10064,10075,11
6,11,10174,10184,10
6,11,10602,10633,31
6,11,10662,10678,16
6,11,10698,10718,20
6,11,11749,11764,15
6,11,11779,11824,45
6,11,11840,11843,3
6,11,11891,11971,80
6,11,12018,12021,3
6,11,12051,12066,15
6,11,12288,12301,13
6,11,12472,12473,1
6,11,12499,12504,5
6,11,12608,12611,3
6,11,12621,12629,8
6,11,14150,14167,17
6,11,14265,14267,2
6,11,16558,16595,37
6,11,17440,17443,3
6,11,18160,18179,19
6,11,19055,19124,69
6,11,19182,19198,16
6,11,19839,19853,14
6,11,20847,20859,12
6,11,20971,20974,3
6,11,20980,21004,24
6,11,21483,21487,4
6,11,21522,21533,11
6,11,21571,21578,7
6,11,24038,24064,26
6,11,24319,24330,11
6,11,25636,25655,19
6,11,27971,28001,30
6,12,377,414,37
6,12,1813,1816,3
6,12,1884,1904,20
6,12,2405,2440,35
6,12,2456,2506,50
6,12,3118,3120,2
6,12,3152,3159,7
6,12,3164,3169,5
6,12,3172,3175,3
6,12,6637,6658,21
6,12,7264,7281,17
6,12,9467,9470,3
6,12,9758,9761,3
6,12,11716,11727,11
6,12,12622,12663,41
6,12,14636,14646,10
6,12,14817,14830,13
6,12,16591,16607,16
6,12,16980,17004,24
6,12,17049,17054,5
6,12,17057,17094,37
6,12,19432,19479,47
6,12,19482,19485,3
6,12,20447,20453,6
6,12,20593,20625,32
6,12,20731,20740,9
6,12,21134,21140,6
6,12,22193,22196,3
6,12,22236,22281,45
6,12,22312,22364,52
6,12,24295,24319,24
6,12,24574,24576,2
6,12,24578,24631,53
6,12,27603,27635,32
6,12,27718,27720,2
6,12,27742,27758,16
6,12,27802,27829,27
6,12,27839,27841,2
6,12,27893,27908,15
6,12,28691,28714,23
6,12,28726,28741,15
7,8,584,604,20
7,8,737,766,29
7,8,774,829,55
7,8,840,870,30
7,8,886,890,4
7,8,2267,2295,28
7,8,2416,2425,9
7,8,2467,2473,6
7,8,2903,2910,7
7,8,4212,4219,7
7,8,4250,4260,10
7,8,5316,5338,22
7,8,5351,5394,43
7,8,5471,5497,26
7,8,5601,5624,23
7,8,5628,5629,1
7,8,7343,7359,16
7,8,8326,8341,15
7,8,8511,8548,37
7,8,8629,8634,5
7,8,8636,8651,15
7,8,8706,8710,4
7,8,9500,9501,1
7,8,9504,9517,13
7,8,9573,9574,1
7,8,9577,9601,24
7,8,9976,10010,34
7,8,10077,10093,16
7,8,10839,10851,12
7,8,11540,11561,21
7,8,11579,11619,40
7,8,11663,11668,5
7,8,12332,12358,26
7,8,12523,12541,18
7,8,13185,13196,11
7,8,13200,13239,39
7,8,13305,13318,13
7,8,13452,13482,30
7,8,13496,13504,8
7,8,14183,14185,2
7,8,14213,14223,10
7,8,14882,14905,23
7,8,15033,15057,24
7,8,15387,15400,13
7,8,15402,15411,9
7,8,15855,15899,44
7,8,16200,16205,5
7,8,16232,16246,14
7,8,16248,16249,1
7,8,16383,16390,7
7,8,16398,16424,26
7,8,16427,16440,13
7,8,16687,16693,6
7,8,17154,17163,9
7,8,17950,17962,12
7,8,18326,18333,7
7,8,18404,18407,3
7,8,18459,18483,24
7,8,18762,18764,2
7,8,18769,18787,18
7,8,18791,18797,6
7,8,18821,18836,15
7,8,19479,19502,23
7,8,19507,19520,13
7,8,20701,20714,13
7,8,20722,20739,17
7,8,21178,21184,6
7,8,21222,21229,7
7,8,21234,21235,1
7,8,21248,21255,7
7,8,21260,21275,15
7,8,21286,21315,29
7,8,21664,21678,14
7,8,22599,22663,64
7,8,22837,22846,9
7,8,22858,22863,5
7,8,23283,23302,19
7,8,23470,23475,5
7,8,24439,24457,18
7,8,24460,24474,14
7,8,24476,24497,21
7,8,24812,24837,25
7,8,24843,24871,28
7,8,25412,25414,2
7,8,26509,26533,24
7,8,26540,26552,12
7,8,26964,26984,20
7,8,27093,27096,3
7,8,27098,27116,18
7,8,27121,27123,2
7,8,28004,28080,76
7,8,28104,28119,15
7,8,28126,28164,38
7,8,28563,28581,18
7,8,28637,28659,22
7,9,2236,2258,22
7,9,2327,2348,21
7,9,2454,2457,3
7,9,2566,2588,22
7,9,4197,4219,22
7,9,4906,4919,13
7,9,7672,7680,8
7,9,7701,7703,2
7,9,7832,7833,1
7,9,7835,7847,12
7,9,7849,7850,1
7,9,8067,8093,26
7,9,8844,8886,42
7,9,10135,10149,14
7,9,10443,10456,13
7,9,11227,11245,18
7,9,11376,11398,22
7,9,11434,11453,19
7,9,11558,11595,37
7,9,11643,11649,6
7,9,11654,11660,6
7,9,11769,11787,18
7,9,11806,11807,1
7,9,11818,11836,18
7,9,12579,12588,9
7,9,12833,12851,18
7,9,13168,13183,15
7,9,13185,13187,2
7,9,13370,13393,23
7,9,13406,13407,1
7,9,13414,13447,33
7,9,13510,13525,15
7,9,13539,13551,12
7,9,13850,13871,21
7,9,13883,13890,7
7,9,14441,14459,18
7,9,14461,14462,1
7,9,14464,14483,19
7,9,14515,14520,5
7,9,14735,14740,5
7,9,14871,14881,10
7,9,15100,15108,8
7,9,15347,15364,17
7,9,16676,16678,2
7,9,17212,17225,13
7,9,17859,17877,18
7,9,18432,18435,3
7,9,18437,18442,5
7,9,18525,18527,2
7,9,18945,18958,13
7,9,19124,19138,14
7,9,19203,19237,34
7,9,19326,19337,11
7,9,20767,20779,12
7,9,21979,21991,12
7,9,22085,22115,30
7,9,22164,22179,15
7,9,22210,22212,2
7,9,22469,22480,11
7,9,23049,23062,13
7,9,23106,23116,10
7,9,23131,23162,31
7,9,23207,23210,3
7,9,23213,23229,16
7,9,23717,23733,16
7,9,23747,23760,13
7,9,24548,24555,7
7,9,24604,24642,38
7,9,24644,24647,3
7,9,24651,24660,9
7,9,24664,24665,1
7,9,24667,24676,9
7,9,24678,24680,2
7,9,24700,24748,48
7,9,24756,24760,4
7,9,24770,24771,1
7,9,25122,25136,14
7,9,25562,25565,3
7,9,25587,25640,53
7,9,25648,25658,10
7,9,26510,26526,16
7,9,26669,26685,16
7,9,26700,26712,12
7,9,26714,26767,53
7,9,26769,26796,27
7,9,26857,26873,16
7,9,26876,26878,2
7,9,26882,26888,6
7,9,26972,26984,12
7,9,27297,27298,1
7,9,27348,27399,51
7,9,27440,27465,25
7,9,27480,27542,62
7,9,27905,27907,2
7,9,27909,27913,4
7,9,28322,28323,1
7,9,28325,28334,9
7,9,28339,28340,1
7,9,28482,28497,15
7,9,28519,28542,23
7,9,28547,28550,3
7,9,28609,28619,10
7,10,993,996,3
7,10,1001,1023,22
7,10,1033,1036,3
7,10,1640,1644,4
7,10,2570,2588,18
7,10,4326,4339,13
7,10,4906,4955,49
7,10,5004,5049,45
7,10,5133,5160,27
7,10,5267,5315,48
7,10,5339,5353,14
7,10,5361,5395,34
7,10,5599,5610,11
7,10,5674,5676,2
7,10,5778,5788,10
7,10,5868,5880,12
7,10,5885,5911,26
7,10,6554,6582,28
7,10,8085,8097,12
7,10,10423,10461,38
7,10,10463,10471,8
7,10,10486,10498,12
7,10,10549,10561,12
7,10,10632,10653,21
7,10,11148,11170,22
7,10,11172,11181,9
7,10,11239,11255,16
7,10,11366,11377,11
7,10,11455,11463,8
7,10,11499,11518,19
7,10,11548,11554,6
7,10,11557,11561,4
7,10,11578,11606,28
7,10,11622,11637,15
7,10,11885,11892,7
7,10,11943,11955,12
7,10,11998,12059,61
7,10,12073,12081,8
7,10,12582,12586,4
7,10,12774,12789,15
7,10,13159,13166,7
7,10,13283,13293,10
7,10,14297,14359,62
7,10,14376,14377,1
7,10,15500,15526,26
7,10,16236,16272,36
7,10,16313,16323,10
7,10,16565,16596,31
7,10,16871,16882,11
7,10,17304,17317,13
7,10,17398,17415,17
7,10,18865,18897,32
7,10,19211,19222,11
7,10,19242,19253,11
7,10,19255,19299,44
7,10,20710,20718,8
7,10,20723,20759,36
7,10,21950,21951,1
7,10,21957,21980,23
7,10,22542,22556,14
7,10,23310,23341,31
7,10,23547,23554,7
7,10,24046,24059,13
7,10,26070,26076,6
7,10,26078,26083,5
7,10,27380,27413,33
7,10,27424,27442,18
7,11,1098,1105,7
7,11,1239,1246,7
7,11,1283,1295,12
7,11,1554,1577,23
7,11,1617,1620,3
7,11,2130,2144,14
7,11,2175,2180,5
7,11,2193,2196,3
7,11,2198,2199,1
7,11,2655,2663,8
7,11,4148,4152,4
7,11,4158,4159,1
7,11,4216,4226,10
7,11,4798,4816,18
7,11,4820,4846,26
7,11,4912,4973,61
7,11,5008,5056,48
7,11,5613,5620,7
7,11,5648,5656,8
7,11,5706,5712,6
7,11,5845,5866,21
7,11,5940,5963,23
7,11,6718,6735,17
7,11,6756,6760,4
7,11,6762,6775,13
7,11,7768,7814,46
7,11,7875,7905,30
7,11,9043,9046,3
7,11,9053,9067,14
7,11,9660,9667,7
7,11,10391,10414,23
7,11,12127,12156,29
7,11,12196,12259,63
7,11,12332,12337,5
7,11,13101,13117,16
7,11,13136,13143,7
7,11,14217,14218,1
7,11,14397,14408,11
7,11,14922,14930,8
7,11,15242,15248,6
7,11,15306,15324,18
7,11,15355,15357,2
7,11,15996,16003,7
7,11,16345,16384,39
7,11,18254,18260,6
7,11,18270,18291,21
7,11,18388,18407,19
7,11,19221,19224,3
7,11,19236,19278,42
7,11,19305,19319,14
7,11,21520,21521,1
7,11,21534,21564,30
7,11,21593,21603,10
7,11,22529,22540,11
7,11,22547,22562,15
7,11,23060,23061,1
7,11,25346,25372,26
7,11,25483,25488,5
7,11,25664,25668,4
7,11,25791,25793,2
7,11,25796,25799,3
7,11,25818,25838,20
7,11,26514,26523,9
7,11,26675,26680,5
7,11,26703,26711,8
7,11,26729,26767,38
7,11,27490,27495,5
7,11,27498,27508,10
7,11,28430,28436,6
7,11,28575,28606,31
7,11,28628,28651,23
7,11,28662,28676,14
7,11,28682,28683,1
7,12,669,676,7
7,12,687,706,19
7,12,756,779,23
7,12,827,855,28
7,12,1021,1046,25
7,12,1305,1322,17
7,12,1429,1446,17
7,12,1450,1508,58
7,12,1537,1551,14
7,12,2157,2170,13
7,12,2201,2205,4
7,12,2422,2433,11
7,12,2469,2474,5
7,12,2874,2875,1
7,12,4145,4147,2
7,12,4231,4271,40
7,12,6201,6224,23
7,12,7389,7411,22
7,12,7621,7633,12
7,12,7701,7705,4
7,12,7714,7721,7
7,12,7736,7759,23
7,12,8343,8397,54
7,12,8401,8436,35
7,12,8438,8513,75
7,12,9542,9558,16
7,12,10060,10078,18
7,12,11104,11114,10
7,12,11390,11451,61
7,12,11464,11486,22
7,12,11491,11493,2
7,12,11495,11514,19
7,12,11563,11576,13
7,12,11633,11658,25
7,12,12115,12131,16
7,12,13992,14018,26
7,12,14733,14736,3
7,12,14787,14802,15
7,12,15447,15470,23
7,12,15720,15738,18
7,12,15749,15766,17
7,12,16357,16372,15
7,12,16656,16660,4
7,12,16663,16665,2
7,12,16741,16770,29
7,12,16826,16836,10
7,12,16863,16875,12
7,12,16883,16925,42
7,12,16953,16965,12
7,12,17983,17999,16
7,12,18510,18519,9
7,12,18753,18762,9
7,12,19084,19101,17
7,12,19218,19237,19
7,12,20010,20026,16
7,12,20084,20113,29
7,12,20427,20454,27
7,12,20552,20559,7
7,12,20586,20609,23
7,12,20877,20895,18
7,12,21337,21338,1
7,12,21340,21342,2
7,12,21348,21366,18
7,12,21420,21508,88
7,12,22065,22090,25
7,12,22099,22112,13
7,12,22250,22266,16
7,12,22272,22298,26
7,12,22388,22398,10
7,12,22403,22416,13
7,12,22737,22757,20
7,12,23642,23665,23
7,12,23851,23855,4
7,12,23867,23900,33
7,12,25781,25792,11
7,12,25797,25807,10
7,12,25876,25880,4
7,12,25941,25975,34
7,12,26005,26025,20
7,12,26536,26550,14
7,12,28339,28341,2
7,12,28567,28591,24
8,9,13,25,12
8,9,142,153,11
8,9,1132,1133,1
8,9,1168,1171,3
8,9,1187,1200,13
8,9,1609,1623,14
8,9,1626,1629,3
8,9,1786,1822,36
8,9,2190,2208,18
8,9,3252,3276,24
8,9,3285,3342,57
8,9,3355,3356,1
8,9,3360,3367,7
8,9,3718,3739,21
8,9,3838,3869,31
8,9,3898,3933,35
8,9,3975,3982,7
8,9,3984,3985,1
8,9,3994,4021,27
8,9,4031,4033,2
8,9,4035,4036,1
8,9,4038,4039,1
8,9,4070,4102,32
8,9,4107,4121,14
8,9,4192,4194,2
8,9,4204,4236,32
8,9,4278,4295,17
8,9,4600,4621,21
8,9,4656,4717,61
8,9,5002,5019,17
8,9,5661,5679,18
8,9,6057,6058,1
8,9,6060,6065,5
8,9,6072,6074,2
8,9,6095,6116,21
8,9,9544,9560,16
8,9,9713,9755,42
8,9,11523,11545,22
8,9,11571,11584,13
8,9,11637,11638,1
8,9,11652,11658,6
8,9,12671,12684,13
8,9,13072,13109,37
8,9,13117,13119,2
8,9,13123,13142,19
8,9,13761,13767,6
8,9,13770,13771,1
8,9,14379,14380,1
8,9,14738,14748,10
8,9,14846,14857,11
8,9,14863,14884,21
8,9,15001,15040,39
8,9,15579,15584,5
8,9,15591,15600,9
8,9,16480,16498,18
8,9,16581,16596,15
8,9,16598,16599,1
8,9,16603,16608,5
8,9,16628,16659,31
8,9,16675,16693,18
8,9,16700,16707,7
8,9,16813,16832,19
8,9,16906,16920,14
8,9,17126,17128,2
8,9,17337,17354,17
8,9,17451,17463,12
8,9,17572,17628,56
8,9,17712,17729,17
8,9,17752,17763,11
8,9,17814,17825,11
8,9,18006,18061,55
8,9,18075,18093,18
8,9,19952,19980,28
8,9,20396,20397,1
8,9,20400,20416,16
8,9,20858,20861,3
8,9,20875,20880,5
8,9,20885,20888,3
8,9,23699,23714,15
8,9,24232,24313,81
8,9,24341,24354,13
8,9,24493,24519,26
8,9,24808,24811,3
8,9,24958,24977,19
8,9,25081,25103,22
8,9,25372,25378,6
8,9,25548,25555,7
8,9,26418,26461,43
8,9,26897,26915,18
8,9,26918,26922,4
8,9,26925,26930,5
8,9,26932,26933,1
8,9,26936,26939,3
8,9,26947,27004,57
8,9,27009,27014,5
8,9,27026,27046,20
8,9,27650,27656,6
8,9,28291,28315,24
8,9,28399,28420,21
8,9,28425,28457,32
8,10,1166,1174,8
8,10,1289,1292,3
8,10,1741,1772,31
8,10,2429,2431,2
8,10,2485,2501,16
8,10,3149,3197,48
8,10,3250,3251,1
8,10,3253,3257,4
8,10,3261,3268,7
8,10,3277,3280,3
8,10,3282,3330,48
8,10,3396,3414,18
8,10,5259,5268,9
8,10,5363,5382,19
8,10,6397,6407,10
8,10,6716,6728,12
8,10,6743,6747,4
8,10,6801,6808,7
8,10,7068,7077,9
8,10,7202,7219,17
8,10,8371,8395,24
8,10,8397,8399,2
8,10,8921,8936,15
8,10,8939,8942,3
8,10,9230,9231,1
8,10,9245,9263,18
8,10,9748,9764,16
8,10,9769,9775,6
8,10,9821,9855,34
8,10,11544,11605,61
8,10,12387,12390,3
8,10,13681,13686,5
8,10,14082,14104,22
8,10,14106,14109,3
8,10,14123,14124,1
8,10,14145,14175,30
8,10,14385,14386,1
8,10,14389,14390,1
8,10,14410,14413,3
8,10,14455,14492,37
8,10,14603,14610,7
8,10,14649,14680,31
8,10,15080,15096,16
8,10,15134,15144,10
8,10,15147,15153,6
8,10,15156,15167,11
8,10,16143,16160,17
8,10,16248,16252,4
8,10,16255,16257,2
8,10,18841,18869,28
8,10,18873,18878,5
8,10,19915,19916,1
8,10,19920,19942,22
8,10,20592,20601,9
8,10,20688,20699,11
8,10,20705,20716,11
8,10,20724,20744,20
8,10,21396,21400,4
8,10,21402,21428,26
8,10,21909,21922,13
8,10,22337,22351,14
8,10,22866,22886,20
8,10,23298,23316,18
8,10,23619,23681,62
8,10,23684,23685,1
8,10,23688,23702,14
8,10,23724,23750,26
8,10,23861,23873,12
8,10,23884,23892,8
8,10,23915,23921,6
8,10,23936,23949,13
8,10,24202,24234,32
8,10,24502,24515,13
8,10,24525,24544,19
8,10,25573,25594,21
8,10,27275,27285,10
8,10,27293,27313,20
8,10,27365,27380,15
8,10,27845,27857,12
8,11,285,302,17
8,11,2772,2775,3
8,11,2777,2803,26
8,11,3179,3181,2
8,11,3183,3188,5
8,11,3207,3223,16
8,11,3262,3307,45
8,11,3313,3320,7
8,11,3972,3978,6
8,11,4040,4070,30
8,11,4115,4135,20
8,11,4185,4186,1
8,11,4188,4190,2
8,11,4253,4259,6
8,11,4292,4306,14
8,11,5583,5602,19
8,11,6012,6040,28
8,11,6045,6095,50
8,11,6105,6113,8
8,11,6186,6199,13
8,11,6205,6210,5
8,11,6357,6369,12
8,11,7303,7305,2
8,11,7308,7309,1
8,11,7315,7318,3
8,11,7381,7390,9
8,11,7393,7395,2
8,11,7399,7404,5
8,11,7407,7411,4
8,11,7580,7600,20
8,11,8189,8199,10
8,11,8204,8228,24
8,11,8256,8269,13
8,11,9464,9478,14
8,11,9590,9599,9
8,11,9613,9652,39
8,11,10628,10633,5
8,11,10640,10642,2
8,11,10648,10657,9
8,11,10662,10666,4
8,11,11647,11654,7
8,11,12296,12345,49
8,11,12443,12457,14
8,11,13628,13632,4
8,11,13684,13717,33
8,11,14213,14238,25
8,11,14249,14254,5
8,11,14969,14989,20
8,11,15266,15276,10
8,11,15484,15491,7
8,11,15493,15510,17
8,11,15520,15530,10
8,11,15538,15554,16
8,11,15691,15703,12
8,11,15768,15827,59
8,11,15915,15925,10
8,11,16396,16398,2
8,11,16488,16489,1
8,11,16491,16506,15
8,11,18238,18243,5
8,11,18469,18474,5
8,11,19568,19570,2
8,11,19705,19728,23
8,11,19748,19775,27
8,11,21064,21066,2
8,11,21068,21074,6
8,11,21377,21420,43
8,11,21433,21437,4
8,11,21638,21639,1
8,11,21706,21709,3
8,11,21936,21956,20
8,11,22040,22105,65
8,11,22396,22413,17
8,11,22600,22601,1
8,11,22862,22873,11
8,11,23880,23884,4
8,11,23961,23974,13
8,11,24576,24597,21
8,11,24697,24710,13
8,11,25951,25976,25
8,11,26266,26268,2
8,11,26308,26312,4
8,11,26365,26405,40
8,11,26460,26482,22
8,11,26494,26510,16
8,11,26544,26567,23
8,11,28571,28574,3
8,11,28641,28673,32
8,11,28677,28683,6
8,12,134,151,17
8,12,486,514,28
8,12,749,780,31
8,12,841,868,27
8,12,898,928,30
8,12,1825,1864,39
8,12,2118,2121,3
8,12,2372,2403,31
8,12,2415,2416,1
8,12,2459,2490,31
8,12,2570,2605,35
8,12,2663,2694,31
8,12,2706,2724,18
8,12,2749,2765,16
8,12,2770,2782,12
8,12,3008,3033,25
8,12,3051,3084,33
8,12,3830,3862,32
8,12,3905,3915,10
8,12,4257,4283,26
8,12,4285,4288,3
8,12,4305,4328,23
8,12,4370,4385,15
8,12,4460,4497,37
8,12,4840,4854,14
8,12,5523,5542,19
8,12,5640,5647,7
8,12,5748,5779,31
8,12,5846,5874,28
8,12,5893,5911,18
8,12,6507,6530,23
8,12,6532,6554,22
8,12,6903,6915,12
8,12,6947,6949,2
8,12,6957,6979,22
8,12,7116,7119,3
8,12,7212,7237,25
8,12,7443,7450,7
8,12,7936,7944,8
8,12,8084,8120,36
8,12,8122,8175,53
8,12,8232,8268,36
8,12,8337,8353,16
8,12,8507,8513,6
8,12,8562,8571,9
8,12,8750,8766,16
8,12,8804,8824,20
8,12,8906,8925,19
8,12,8938,8985,47
8,12,9292,9350,58
8,12,9448,9452,4
8,12,9472,9480,8
8,12,9919,9920,1
8,12,9922,9923,1
8,12,10012,10025,13
8,12,10226,10246,20
8,12,10296,10317,21
8,12,10489,10499,10
8,12,11518,11522,4
8,12,11665,11685,20
8,12,11735,11747,12
8,12,11782,11783,1
8,12,11785,11796,11
8,12,12936,12959,23
8,12,12985,13002,17
8,12,13809,13822,13
8,12,13836,13838,2
8,12,13850,13892,42
8,12,15293,15331,38
8,12,15554,15555,1
8,12,15559,15561,2
8,12,15563,15588,25
8,12,16794,16808,14
8,12,18117,18131,14
8,12,18152,18171,19
8,12,19845,19869,24
8,12,20456,20475,19
8,12,20777,20831,54
8,12,20947,20961,14
8,12,21022,21036,14
8,12,21341,21350,9
8,12,23587,23592,5
8,12,23594,23595,1
8,12,23600,23637,37
8,12,24895,24908,13
8,12,26162,26165,3
8,12,26171,26187,16
8,12,26205,26225,20
8,12,26227,26228,1
8,12,26326,26340,14
8,12,26545,26561,16
8,12,26792,26830,38
8,12,27008,27009,1
8,12,27501,27534,33
8,12,27580,27589,9
8,12,27624,27650,26
8,12,27660,27687,27
8,12,27722,27741,19
8,12,27754,27770,16
8,12,27782,27787,5
8,12,27802,27822,20
9,10,561,571,10
9,10,724,748,24
9,10,819,834,15
9,10,1339,1352,13
9,10,1390,1407,17
9,10,1428,1429,1
9,10,1434,1470,36
9,10,2393,2400,7
9,10,2405,2429,24
9,10,2572,2591,19
9,10,2736,2756,20
9,10,2948,2986,38
9,10,3058,3061,3
9,10,3260,3316,56
9,10,3471,3501,30
9,10,3593,3611,18
9,10,4411,4416,5
9,10,4784,4872,88
9,10,4907,4921,14
9,10,6014,6020,6
9,10,6205,6211,6
9,10,6426,6440,14
9,10,6446,6487,41
9,10,7300,7307,7
9,10,7780,7812,32
9,10,8091,8123,32
9,10,8194,8217,23
9,10,8622,8668,46
9,10,8676,8709,33
9,10,8712,8713,1
9,10,8724,8794,70
9,10,9134,9148,14
9,10,9430,9444,14
9,10,9467,9475,8
9,10,9939,9946,7
9,10,9966,10003,37
9,10,10447,10465,18
9,10,10557,10559,2
9,10,10561,10564,3
9,10,11104,11107,3
9,10,11110,11111,1
9,10,11120,11122,2
9,10,11124,11146,22
9,10,11189,11198,9
9,10,11212,11219,7
9,10,11223,11224,1
9,10,11258,11282,24
9,10,11285,11295,10
9,10,11360,11367,7
9,10,11369,11376,7
9,10,11440,11468,28
9,10,11569,11594,25
9,10,11720,11749,29
9,10,12202,12217,15
9,10,12221,12222,1
9,10,12240,12251,11
9,10,12573,12583,10
9,10,12866,12873,7
9,10,12883,12887,4
9,10,13154,13182,28
9,10,13219,13223,4
9,10,13323,13350,27
9,10,15626,15679,53
9,10,16374,16386,12
9,10,18410,18411,1
9,10,18490,18504,14
9,10,19186,19198,12
9,10,19205,19226,21
9,10,21158,21165,7
9,10,21227,21251,24
9,10,21266,21273,7
9,10,21296,21308,12
9,10,21383,21384,1
9,10,21563,21594,31
9,10,21796,21839,43
9,10,21843,21844,1
9,10,22953,22970,17
9,10,23373,23388,15
9,10,24498,24513,15
9,10,25811,25827,16
9,10,25852,25878,26
9,10,25881,25882,1
9,10,25884,25908,24
9,10,25922,26018,96
9,10,26137,26147,10
9,10,26153,26177,24
9,10,27394,27395,1
9,10,27411,27422,11
9,10,27463,27464,1
9,10,27701,27731,30
9,10,27990,28003,13
9,11,0,9,9
9,11,657,669,12
9,11,769,778,9
9,11,3234,3244,10
9,11,3263,3275,12
9,11,3286,3292,6
9,11,3560,3586,26
9,11,3959,3983,24
9,11,4037,4043,6
9,11,4101,4116,15
9,11,4237,4266,29
9,11,4894,4909,15
9,11,5465,5474,9
9,11,6041,6050,9
9,11,6061,6062,1
9,11,6069,6077,8
9,11,6125,6155,30
9,11,6345,6356,11
9,11,6423,6426,3
9,11,6436,6439,3
9,11,6466,6467,1
9,11,6480,6500,20
9,11,7812,7829,17
9,11,8544,8549,5
9,11,8571,8617,46
9,11,8739,8765,26
9,11,8910,8934,24
9,11,11287,11308,21
9,11,11626,11628,2
9,11,11630,11643,13
9,11,11706,11715,9
9,11,12851,12854,3
9,11,15009,15012,3
9,11,15161,15162,1
9,11,15169,15199,30
9,11,15325,15345,20
9,11,15347,15359,12
9,11,15379,15391,12
9,11,16491,16542,51
9,11,17488,17495,7
9,11,18342,18364,22
9,11,18556,18558,2
9,11,18583,18637,54
9,11,18648,18678,30
9,11,18763,18791,28
9,11,18793,18813,20
9,11,18899,18909,10
9,11,19218,19231,13
9,11,19333,19339,6
9,11,19349,19360,11
9,11,19425,19443,18
9,11,21435,21486,51
9,11,21661,21669,8
9,11,21745,21747,2
9,11,21763,21807,44
9,11,23052,23063,11
9,11,23453,23460,7
9,11,23568,23581,13
9,11,26475,26482,7
9,11,26513,26557,44
9,11,26593,26604,11
9,11,26621,26667,46
9,11,26675,26676,1
9,11,26706,26775,69
9,12,70,93,23
9,12,99,112,13
9,12,156,157,1
9,12,252,267,15
9,12,273,274,1
9,12,277,330,53
9,12,1831,1834,3
9,12,2297,2299,2
9,12,3845,3853,8
9,12,3901,3902,1
9,12,3904,3915,11
9,12,4290,4306,16
9,12,4321,4348,27
9,12,5275,5279,4
9,12,5360,5362,2
9,12,5364,5372,8
9,12,5383,5443,60
9,12,5449,5451,2
9,12,5475,5485,10
9,12,6576,6587,11
9,12,6818,6825,7
9,12,7014,7033,19
9,12,7035,7037,2
9,12,7159,7161,2
9,12,7181,7194,13
9,12,7555,7596,41
9,12,7658,7709,51
9,12,7991,8032,41
9,12,9152,9183,31
9,12,9226,9234,8
9,12,9256,9275,19
9,12,11316,11345,29
9,12,11397,11399,2
9,12,11403,11404,1
9,12,11564,11571,7
9,12,11594,11651,57
9,12,11963,11978,15
9,12,12231,12236,5
9,12,12243,12253,10
9,12,12275,12285,10
9,12,12303,12344,41
9,12,12349,12399,50
9,12,12450,12474,24
9,12,12761,12786,25
9,12,13016,13024,8
9,12,14067,14080,13
9,12,14102,14105,3
9,12,14127,14140,13
9,12,14278,14294,16
9,12,16951,16960,9
9,12,18172,18182,10
9,12,18335,18371,36
9,12,18526,18553,27
9,12,19221,19223,2
9,12,19228,19236,8
9,12,20627,20630,3
9,12,20659,20665,6
9,12,20667,20683,16
9,12,20700,20716,16
9,12,20746,20762,16
9,12,22005,22008,3
9,12,22014,22032,18
9,12,22034,22036,2
9,12,22089,22119,30
9,12,22432,22452,20
9,12,22456,22465,9
9,12,22501,22502,1
9,12,22701,22712,11
9,12,22775,22804,29
9,12,22939,22973,34
9,12,23454,23459,5
9,12,23990,24001,11
9,12,26549,26577,28
9,12,28024,28028,4
9,12,28030,28052,22
9,12,28103,28121,18
9,12,28133,28154,21
9,12,28220,28232,12
9,12,28345,28360,15
9,12,28620,28637,17
10,11,38,57,19
10,11,116,134,18
10,11,154,195,41
10,11,434,486,52
10,11,795,813,18
10,11,1988,2011,23
10,11,2019,2024,5
10,11,2076,2099,23
10,11,2635,2662,27
10,11,3109,3117,8
10,11,3261,3271,10
10,11,3285,3291,6
10,11,3313,3325,12
10,11,3682,3707,25
10,11,4507,4546,39
10,11,4609,4630,21
10,11,4671,4675,4
10,11,4680,4683,3
10,11,4686,4688,2
10,11,4897,4914,17
10,11,4922,4937,15
10,11,4975,5006,31
10,11,5008,5020,12
10,11,5022,5065,43
10,11,5069,5085,16
10,11,5195,5205,10
10,11,6285,6341,56
10,11,6482,6488,6
10,11,6499,6506,7
10,11,6529,6545,16
10,11,6601,6624,23
10,11,6689,6702,13
10,11,7507,7524,17
10,11,7551,7586,35
10,11,7688,7702,14
10,11,7756,7759,3
10,11,7770,7774,4
10,11,7787,7789,2
10,11,7926,7943,17
10,11,7956,7959,3
10,11,8629,8657,28
10,11,8666,8667,1
10,11,8677,8681,4
10,11,8718,8726,8
10,11,8733,8752,19
10,11,10286,10292,6
10,11,10306,10359,53
10,11,11313,11334,21
10,11,11814,11820,6
10,11,12351,12366,15
10,11,12399,12400,1
10,11,12406,12416,10
10,11,12516,12531,15
10,11,12846,12868,22
10,11,12907,12968,61
10,11,13023,13048,25
10,11,13054,13060,6
10,11,13067,13096,29
10,11,13144,13150,6
10,11,13705,13709,4
10,11,13839,13859,20
10,11,13882,13885,3
10,11,14381,14388,7
10,11,15127,15140,13
10,11,16830,16839,9
10,11,16914,16916,2
10,11,16929,16931,2
10,11,16979,16982,3
10,11,17066,17079,13
10,11,17329,17330,1
10,11,17360,17390,30
10,11,17439,17442,3
10,11,19208,19249,41
10,11,19252,19276,24
10,11,20161,20164,3
10,11,20168,20171,3
10,11,20905,20920,15
10,11,21021,21037,16
10,11,21396,21420,24
10,11,21795,21811,16
10,11,22307,22336,29
10,11,22437,22458,21
10,11,22500,22531,31
10,11,22540,22541,1
10,11,22543,22619,76
10,11,22654,22720,66
10,11,22732,22749,17
10,11,22779,22835,56
10,11,22848,22850,2
10,11,22852,22853,1
10,11,22897,22937,40
10,11,23080,23083,3
10,11,23099,23100,1
10,11,23104,23127,23
10,11,23892,23907,15
10,11,23983,24009,26
10,11,24638,24639,1
10,11,24649,24650,1
10,11,24836,24895,59
10,11,24936,24957,21
10,11,27075,27094,19
10,11,27102,27106,4
10,11,27124,27135,11
10,11,27450,27455,5
10,11,27457,27480,23
10,12,1249,1262,13
10,12,2144,2154,10
10,12,2500,2527,27
10,12,2894,2905,11
10,12,3723,3724,1
10,12,4614,4657,43
10,12,6650,6655,5
10,12,6783,6794,11
10,12,7208,7226,18
10,12,7234,7247,13
10,12,7267,7268,1
10,12,7459,7482,23
10,12,8847,8857,10
10,12,8929,8947,18
10,12,9108,9114,6
10,12,9241,9250,9
10,12,9334,9361,27
10,12,10941,10969,28
10,12,10981,11003,22
10,12,11217,11247,30
10,12,11425,11429,4
10,12,11492,11538,46
10,12,11546,11567,21
10,12,12286,12288,2
10,12,12291,12310,19
10,12,12573,12578,5
10,12,13535,13537,2
10,12,14805,14806,1
10,12,14809,14843,34
10,12,14930,14960,30
10,12,14975,14994,19
10,12,16846,16859,13
10,12,16962,16980,18
10,12,16988,17006,18
10,12,19132,19140,8
10,12,19145,19184,39
10,12,19529,19534,5
10,12,19597,19606,9
10,12,20139,20148,9
10,12,20187,20201,14
10,12,20264,20280,16
10,12,20298,20299,1
10,12,20302,20303,1
10,12,20306,20328,22
10,12,21524,21543,19
10,12,21545,21547,2
10,12,22952,22974,22
10,12,23216,23220,4
10,12,23577,23579,2
10,12,25010,25030,20
10,12,25333,25349,16
10,12,26877,26933,56
11,12,0,24,24
11,12,1511,1518,7
11,12,1953,1975,22
11,12,2014,2048,34
11,12,2208,2213,5
11,12,2720,2738,18
11,12,2752,2753,1
11,12,2757,2780,23
11,12,3123,3148,25
11,12,3898,3910,12
11,12,4131,4155,24
11,12,4584,4585,1
11,12,4597,4600,3
11,12,4602,4622,20
11,12,4647,4664,17
11,12,5664,5696,32
11,12,6645,6647,2
11,12,6672,6679,7
11,12,8257,8277,20
11,12,8290,8304,14
11,12,9476,9485,9
11,12,9851,9863,12
11,12,10927,10941,14
11,12,11523,11529,6
11,12,11638,11639,1
11,12,11824,11830,6
11,12,12096,12101,5
11,12,12540,12556,16
11,12,13490,13511,21
11,12,14488,14503,15
11,12,14576,14598,22
11,12,14600,14601,1
11,12,16009,16021,12
11,12,16031,16128,97
11,12,16130,16131,1
11,12,16458,16462,4
11,12,16476,16478,2
11,12,16480,16483,3
11,12,16586,16602,16
11,12,16614,16615,1
11,12,16632,16639,7
11,12,17033,17044,11
11,12,17641,17667,26
11,12,17779,17793,14
11,12,18328,18367,39
11,12,18369,18393,24
11,12,18408,18436,28
11,12,18451,18470,19
11,12,21654,21658,4
11,12,23237,23255,18
11,12,23271,23295,24
11,12,23349,23378,29
11,12,23381,23382,1
11,12,23440,23474,34
11,12,23477,23520,43
11,12,23527,23543,16
11,12,23724,23735,11
11,12,23781,23783,2
11,12,24144,24163,19
11,12,24341,24434,93
11,12,24517,24526,9
11,12,25501,25520,19
11,12,25777,25778,1
11,12,25781,25787,6
11,12,25790,25791,1
11,12,25808,25817,9
11,12,26363,26377,14
11,12,26545,26566,21
11,12,26579,26601,22
11,12,27191,27241,50
11,12,27319,27320,1
11,12,27334,27341,7
11,12,27353,27367,14
11,12,27864,27871,7
11,12,28410,28423,13
11,12,28444,28467,23
11,12,28535,28537,2
11,12,28551,28558,7
11,12,28575,28587,12
